3 00 002:
 0 00 002,
 0 00 003
3 00 003:
 0 00 010,
 0 00 011,
 0 00 012
3 00 004:
 3 00 003,
 0 00 013,
 0 00 014,
 0 00 015,
 0 00 016,
 0 00 017,
 0 00 018,
 0 00 019,
 0 00 020
3 00 010:
 3 00 003,
 1 01 000,
 0 31 001,
 0 00 030
3 00 015:
 0 00 030,
 1 02 000,
 0 31 002,
 0 00 024,
 0 00 025
3 00 016:
 0 00 030,
 1 02 000,
 0 31 001,
 0 00 026,
 0 00 027
3 01 001:
 0 01 001,
 0 01 002
3 01 002:
 0 01 003,
 0 01 004,
 0 01 005
3 01 003:
 0 01 011,
 0 01 012,
 0 01 013
3 01 004:
 0 01 001,
 0 01 002,
 0 01 015,
 0 02 001
3 01 005:
 0 01 035,
 0 01 034
3 01 011:
 0 04 001,
 0 04 002,
 0 04 003
3 01 012:
 0 04 004,
 0 04 005
3 01 013:
 0 04 004,
 0 04 005,
 0 04 006
3 01 014:
 1 02 002,
 3 01 011,
 3 01 012
3 01 018:
 0 01 114,
 0 25 185,
 0 25 186
3 01 021:
 0 05 001,
 0 06 001
3 01 022:
 0 05 001,
 0 06 001,
 0 07 001
3 01 023:
 0 05 002,
 0 06 002
3 01 024:
 0 05 002,
 0 06 002,
 0 07 001
3 01 025:
 3 01 023,
 0 04 003,
 3 01 012
3 01 026:
 3 01 021,
 0 04 003,
 0 04 003,
 0 04 004,
 0 04 004,
 0 04 005,
 0 04 005
3 01 027:
 0 08 007,
 1 01 000,
 0 31 001,
 3 01 028,
 0 08 007
3 01 028:
 0 08 040,
 0 33 042,
 0 07 010,
 1 01 000,
 0 31 002,
 3 01 023,
 0 19 007,
 0 08 040
3 01 029:
 0 01 018,
 0 02 001,
 3 01 011
3 01 030:
 0 01 018,
 0 02 001,
 3 01 011,
 3 01 024
3 01 031:
 3 01 001,
 0 02 001,
 3 01 011,
 3 01 012,
 3 01 022
3 01 032:
 3 01 001,
 0 02 001,
 3 01 011,
 3 01 012,
 3 01 024
3 01 033:
 0 01 005,
 0 02 001,
 3 01 011,
 3 01 012,
 3 01 021
3 01 034:
 0 01 005,
 0 02 001,
 3 01 011,
 3 01 012,
 3 01 023
3 01 035:
 0 01 005,
 0 01 012,
 0 01 013,
 0 02 001,
 3 01 011,
 3 01 012,
 3 01 023
3 01 036:
 3 01 003,
 0 02 001,
 3 01 011,
 3 01 012,
 3 01 023
3 01 037:
 3 01 001,
 0 02 011,
 0 02 012,
 3 01 011,
 3 01 012,
 3 01 022
3 01 038:
 3 01 001,
 0 02 011,
 0 02 012,
 3 01 011,
 3 01 012,
 3 01 024
3 01 039:
 3 01 003,
 0 02 011,
 0 02 012,
 3 01 011,
 3 01 012,
 3 01 023
3 01 040:
 3 01 003,
 0 02 011,
 0 02 012,
 3 01 011,
 3 01 012,
 3 01 024
3 01 041:
 0 01 007,
 0 02 021,
 0 02 022,
 3 01 011,
 3 01 012
3 01 042:
 3 01 041,
 3 01 021
3 01 043:
 0 01 007,
 0 02 023,
 3 01 011,
 3 01 013,
 3 01 021
3 01 044:
 0 01 007,
 0 02 024,
 3 01 011,
 3 01 013,
 3 01 021
3 01 045:
 3 01 011,
 3 01 012,
 2 01 138,
 2 02 131,
 0 04 006,
 2 01 000,
 2 02 000,
 3 04 030,
 3 04 031
3 01 046:
 0 01 007,
 0 01 012,
 0 02 048,
 0 21 119,
 0 25 060,
 2 02 124,
 0 02 026,
 0 02 027,
 2 02 000,
 0 05 040
3 01 047:
 0 01 007,
 0 25 060,
 0 01 033,
 0 01 034,
 0 01 012,
 3 01 045,
 0 02 021,
 3 01 011,
 3 01 012,
 2 01 138,
 2 02 131,
 0 04 006,
 2 01 000,
 2 02 000,
 3 01 023
3 01 048:
 0 02 104,
 0 02 121,
 0 02 113,
 0 02 026,
 0 02 027,
 0 02 111,
 0 02 140,
 2 02 127,
 0 01 013,
 2 02 126,
 0 07 001,
 2 02 000,
 0 25 010,
 0 21 064
3 01 049:
 0 02 111,
 0 02 112,
 0 21 062,
 0 21 063,
 0 21 065
3 01 051:
 0 01 006,
 0 02 061,
 3 01 011,
 3 01 012,
 3 01 021,
 0 08 004
3 01 055:
 0 01 005,
 0 02 001,
 3 01 011,
 3 01 012,
 3 01 021,
 0 01 012,
 0 01 014
3 01 056:
 0 01 087,
 0 01 011,
 0 01 015,
 0 02 008,
 0 02 001,
 3 01 011,
 3 01 012,
 3 01 021,
 0 07 030,
 0 07 031
3 01 058:
 3 01 011,
 3 01 012,
 2 01 152,
 2 02 135,
 0 04 006,
 2 02 000,
 2 01 000,
 3 01 021,
 0 20 111,
 0 20 112,
 0 20 113,
 0 20 114,
 0 20 115,
 0 20 116,
 0 20 117,
 0 20 118,
 0 20 119,
 0 25 035,
 0 20 121,
 0 20 122,
 0 20 123,
 0 20 124,
 0 25 175,
 0 20 023,
 0 25 063,
 2 02 136,
 2 01 136,
 0 02 121,
 2 01 000,
 2 02 000,
 0 25 061,
 0 02 184,
 0 02 189,
 0 25 036,
 1 01 000,
 0 31 002,
 3 01 059
3 01 059:
 3 01 021,
 0 07 030,
 0 07 032
3 01 062:
 1 01 000,
 0 31 001,
 3 01 001
3 01 065:
 0 01 006,
 0 01 008,
 0 02 001,
 0 02 002,
 0 02 005,
 0 02 062,
 0 02 070,
 0 02 065
3 01 066:
 3 01 011,
 3 01 013,
 3 01 023,
 0 07 004,
 0 02 064,
 0 08 004
3 01 070:
 0 02 143,
 0 02 142,
 0 02 144
3 01 071:
 0 01 007,
 0 01 031,
 0 02 020,
 0 02 028,
 0 02 029
3 01 072:
 3 01 071,
 3 01 011,
 3 01 013,
 3 01 021
3 01 074:
 0 02 143,
 0 02 142,
 0 02 145,
 0 02 146
3 01 075:
 3 01 001,
 0 01 015,
 3 01 024,
 0 08 021,
 3 01 011,
 3 01 012
3 01 076:
 0 02 011,
 0 02 143,
 0 02 142
3 01 089:
 0 01 101,
 0 01 102
3 01 090:
 3 01 004,
 3 01 011,
 3 01 012,
 3 01 021,
 0 07 030,
 0 07 031
3 01 091:
 0 02 180,
 0 02 181,
 0 02 182,
 0 02 183,
 0 02 184,
 0 02 179,
 0 02 186,
 0 02 187,
 0 02 188,
 0 02 189
3 01 092:
 0 01 011,
 0 01 003,
 0 02 001,
 3 01 011,
 3 01 012,
 3 01 021,
 0 07 030,
 0 07 031,
 0 33 024
3 01 093:
 3 01 036,
 0 07 030,
 0 07 031
3 01 110:
 3 01 001,
 0 01 011,
 0 02 011,
 0 02 014,
 0 02 003
3 01 111:
 3 01 001,
 0 01 011,
 0 02 011,
 0 02 013,
 0 02 014,
 0 02 003
3 01 112:
 0 01 006,
 0 02 011,
 0 02 013,
 0 02 014,
 0 02 003
3 01 113:
 0 08 021,
 3 01 011,
 3 01 013
3 01 114:
 3 01 021,
 0 07 030,
 0 07 031,
 0 07 007,
 0 33 024
3 01 120:
 3 01 001,
 0 01 094,
 0 02 011,
 3 01 121
3 01 121:
 0 08 041,
 3 01 122,
 3 01 021,
 0 07 031,
 0 07 007
3 01 122:
 3 01 011,
 3 01 012,
 2 01 135,
 2 02 130,
 0 04 006,
 2 02 000,
 2 01 000
3 01 123:
 1 02 002,
 0 08 041,
 0 01 062,
 3 01 001,
 0 01 094,
 0 02 011,
 0 01 018,
 0 01 095,
 0 25 061,
 0 25 068,
 0 01 082,
 0 01 083,
 0 01 081,
 0 02 067,
 0 02 066,
 0 02 014,
 0 25 067,
 0 25 065,
 0 25 066,
 0 02 095,
 0 02 096,
 0 02 097,
 0 02 016,
 0 02 083,
 0 02 080,
 0 02 081,
 0 01 093,
 0 02 084,
 0 02 085,
 0 02 086,
 0 02 082,
 0 08 041,
 3 01 011
3 01 125:
 0 01 033,
 0 01 034,
 0 25 060,
 0 01 007,
 0 02 019,
 0 01 012
3 01 126:
 0 01 087,
 0 01 015,
 0 02 149,
 3 01 011,
 3 01 012,
 3 01 021
3 01 128:
 0 01 081,
 0 01 082,
 0 01 083,
 0 01 095,
 0 02 015,
 0 02 016,
 0 02 017,
 0 02 066,
 0 02 067,
 0 02 080,
 0 02 081,
 0 02 082,
 0 02 083,
 0 02 084,
 0 02 085,
 0 02 086,
 0 02 095,
 0 02 096,
 0 02 097,
 0 02 103,
 0 02 191,
 0 25 061,
 0 35 035
3 01 129:
 0 01 007,
 0 01 031,
 0 02 019,
 0 02 020
3 01 130:
 3 01 011,
 3 01 012,
 2 02 131,
 2 01 138,
 0 04 006,
 2 01 000,
 2 02 000
3 01 131:
 3 01 021,
 0 07 024,
 0 05 021,
 0 07 025,
 0 05 022
3 01 132:
 3 01 150,
 3 01 001,
 3 01 021,
 0 07 030,
 0 08 021,
 3 01 011,
 3 01 012,
 0 02 006,
 0 01 079,
 0 01 085
3 01 150:
 0 01 125,
 0 01 126,
 0 01 127,
 0 01 128
3 02 001:
 0 10 004,
 0 10 051,
 0 10 061,
 0 10 063
3 02 002:
 0 10 004,
 0 07 004,
 0 10 003,
 0 10 061,
 0 10 063
3 02 003:
 0 11 011,
 0 11 012,
 0 12 004,
 0 12 006,
 0 13 003,
 0 20 001,
 0 20 003,
 0 20 004,
 0 20 005
3 02 004:
 0 20 010,
 0 08 002,
 0 20 011,
 0 20 013,
 0 20 012,
 0 20 012,
 0 20 012
3 02 005:
 0 08 002,
 0 20 011,
 0 20 012,
 0 20 013
3 02 006:
 0 10 004,
 0 10 051,
 0 10 062,
 0 10 063
3 02 011:
 3 02 001,
 3 02 003,
 3 02 004
3 02 012:
 3 02 002,
 3 02 003,
 3 02 004
3 02 013:
 3 02 006,
 3 02 003,
 1 01 000,
 0 31 001,
 3 02 005
3 02 021:
 0 22 001,
 0 22 011,
 0 22 021
3 02 022:
 0 22 002,
 0 22 012,
 0 22 022
3 02 023:
 0 22 003,
 0 22 013,
 0 22 023
3 02 024:
 3 02 022,
 1 01 002,
 3 02 023
3 02 031:
 3 02 001,
 0 10 062,
 0 07 004,
 0 10 009
3 02 032:
 0 07 032,
 0 12 101,
 0 12 103,
 0 13 003
3 02 033:
 0 07 032,
 0 20 001
3 02 034:
 0 07 032,
 0 13 023
3 02 035:
 3 02 032,
 3 02 033,
 3 02 034,
 0 07 032,
 3 02 004,
 1 01 000,
 0 31 001,
 3 02 005
3 02 036:
 1 05 000,
 0 31 001,
 0 08 002,
 0 20 011,
 0 20 012,
 0 20 014,
 0 20 017
3 02 037:
 0 20 062,
 0 13 013,
 0 12 113
3 02 038:
 0 20 003,
 0 04 024,
 0 20 004,
 0 20 005
3 02 039:
 0 04 024,
 0 14 031
3 02 040:
 0 07 032,
 1 02 002,
 0 04 024,
 0 13 011
3 02 041:
 0 07 032,
 0 04 024,
 0 04 024,
 0 12 111,
 0 04 024,
 0 04 024,
 0 12 112
3 02 042:
 0 07 032,
 0 02 002,
 0 08 021,
 0 04 025,
 0 11 001,
 0 11 002,
 0 08 021,
 1 03 002,
 0 04 025,
 0 11 043,
 0 11 041
3 02 043:
 3 02 038,
 1 01 002,
 3 02 039,
 3 02 040,
 3 02 041,
 3 02 042,
 0 07 032
3 02 044:
 0 04 024,
 0 02 004,
 0 13 033
3 02 045:
 0 04 024,
 0 14 002,
 0 14 004,
 0 14 016,
 0 14 028,
 0 14 029,
 0 14 030
3 02 046:
 0 04 024,
 0 04 024,
 0 12 049
3 02 047:
 1 02 003,
 0 08 002,
 0 20 054
3 02 048:
 0 05 021,
 0 07 021,
 0 20 012,
 0 05 021,
 0 07 021
3 02 049:
 0 08 002,
 0 20 011,
 0 20 013,
 0 20 012,
 0 20 012,
 0 20 012,
 0 08 002
3 02 050:
 0 08 041,
 0 05 021,
 0 07 005,
 2 02 130,
 0 06 021,
 2 02 000,
 0 08 041,
 2 01 131,
 2 02 129,
 0 02 115,
 0 10 004,
 0 02 115,
 0 13 003,
 2 02 000,
 2 01 000,
 0 02 115,
 0 11 001,
 0 11 002,
 0 02 115,
 1 02 002,
 0 12 101,
 0 04 024,
 0 02 115,
 0 12 103,
 0 12 102,
 1 01 003,
 0 20 012,
 0 20 011,
 0 20 013,
 1 01 002,
 0 20 003
3 02 051:
 0 10 004,
 0 10 051,
 0 07 004,
 0 10 003,
 0 12 004,
 0 12 051,
 0 12 016,
 0 12 017,
 0 13 004,
 1 02 004,
 0 08 051,
 0 08 020
3 02 052:
 0 07 032,
 0 07 033,
 0 12 101,
 0 02 039,
 0 12 102,
 0 12 103,
 0 13 003
3 02 053:
 0 07 032,
 0 07 033,
 0 20 001
3 02 054:
 3 02 052,
 3 02 053,
 0 07 033,
 3 02 034,
 0 07 032,
 3 02 004,
 1 01 000,
 0 31 001,
 3 02 005
3 02 055:
 0 20 031,
 0 20 032,
 0 20 033,
 0 20 034,
 0 20 035,
 0 20 036,
 0 20 037,
 0 20 038
3 02 056:
 0 02 038,
 0 07 063,
 0 22 043,
 0 07 063
3 02 057:
 3 02 056,
 3 02 021,
 3 02 024
3 02 058:
 0 07 032,
 0 07 033,
 0 04 024,
 0 04 024,
 0 12 111,
 0 04 024,
 0 04 024,
 0 12 112
3 02 059:
 0 07 032,
 0 07 033,
 0 02 002,
 0 08 021,
 0 04 025,
 0 11 001,
 0 11 002,
 0 08 021,
 1 03 002,
 0 04 025,
 0 11 043,
 0 11 041
3 02 060:
 3 02 038,
 3 02 040,
 3 02 058,
 3 02 059
3 02 062:
 0 25 188,
 3 02 001,
 3 02 093,
 1 01 000,
 0 31 000,
 3 02 053,
 0 07 032,
 0 07 033,
 1 01 000,
 0 31 000,
 3 02 004,
 1 01 000,
 0 31 001,
 3 02 005,
 0 08 002,
 1 01 000,
 0 31 000,
 3 02 055,
 1 01 000,
 0 31 000,
 3 02 056,
 1 01 000,
 0 31 000,
 3 02 021,
 1 01 000,
 0 31 000,
 3 02 024
3 02 063:
 3 02 038,
 1 01 000,
 0 31 000,
 3 02 040,
 1 01 000,
 0 31 000,
 3 02 034,
 0 07 032,
 1 01 000,
 0 31 000,
 3 02 058,
 1 01 000,
 0 31 000,
 3 02 064
3 02 064:
 0 07 032,
 0 07 033,
 0 02 002,
 0 08 021,
 0 04 025,
 0 11 001,
 0 11 002,
 0 08 021,
 1 03 000,
 0 31 001,
 0 04 025,
 0 11 043,
 0 11 041
3 02 066:
 0 20 023,
 0 20 024,
 0 20 027,
 0 20 054,
 0 20 023,
 0 20 027,
 0 20 054,
 0 20 025,
 0 20 026,
 0 20 027,
 0 20 040,
 0 20 066,
 0 20 027,
 0 20 021,
 0 20 067,
 0 20 027
3 02 067:
 0 01 023,
 0 04 025,
 0 02 177,
 1 01 000,
 0 31 001,
 0 20 003,
 1 03 000,
 0 31 001,
 0 05 021,
 0 20 001,
 0 05 021,
 1 01 000,
 0 31 000,
 3 02 056,
 1 03 000,
 0 31 000,
 0 33 041,
 0 20 058,
 0 22 061,
 1 01 000,
 0 31 000,
 3 02 022,
 1 01 000,
 0 31 001,
 3 02 023,
 1 04 000,
 0 31 001,
 0 20 054,
 0 20 137,
 0 20 012,
 0 20 090,
 1 03 000,
 0 31 001,
 0 20 054,
 0 20 137,
 0 20 136,
 0 04 025,
 0 13 012,
 0 04 025,
 0 11 042,
 1 04 000,
 0 31 001,
 0 08 021,
 0 04 025,
 0 11 042,
 0 08 021,
 1 15 000,
 0 31 001,
 0 08 021,
 0 04 015,
 0 08 021,
 0 04 025,
 0 11 001,
 0 11 002,
 0 08 021,
 0 04 015,
 0 08 021,
 0 04 025,
 0 11 001,
 0 11 002,
 0 08 021,
 0 04 025,
 0 04 015,
 1 03 000,
 0 31 001,
 0 04 025,
 0 04 025,
 0 20 003,
 1 10 000,
 0 31 001,
 0 04 025,
 0 04 025,
 0 05 021,
 0 05 021,
 0 20 054,
 0 20 024,
 0 20 025,
 0 20 026,
 0 20 027,
 0 20 063
3 02 069:
 0 07 032,
 0 07 033,
 0 33 041,
 0 20 001
3 02 070:
 0 07 032,
 0 07 033,
 0 11 001,
 0 11 002,
 0 11 043,
 0 11 041,
 0 11 016,
 0 11 017
3 02 071:
 0 07 032,
 0 07 033,
 0 08 021,
 0 04 025,
 0 11 001,
 0 11 002,
 0 08 021,
 1 03 002,
 0 04 025,
 0 11 043,
 0 11 041,
 0 04 025,
 0 11 016,
 0 11 017
3 02 072:
 0 07 032,
 0 07 033,
 0 12 101,
 0 12 103,
 0 13 003
3 02 073:
 0 20 010,
 1 05 004,
 0 08 002,
 0 20 011,
 0 20 012,
 0 33 041,
 0 20 013
3 02 074:
 0 20 003,
 0 04 025,
 0 20 004,
 0 20 005
3 02 075:
 0 08 021,
 0 04 025,
 0 13 055,
 0 13 058,
 0 08 021
3 02 076:
 0 20 021,
 0 20 022,
 0 26 020,
 0 20 023,
 0 20 024,
 0 20 025,
 0 20 026
3 02 077:
 0 07 032,
 0 07 033,
 0 04 025,
 0 12 111,
 0 12 112,
 0 07 032,
 0 04 025,
 0 12 112
3 02 078:
 0 02 176,
 0 20 062,
 0 02 177,
 0 13 013
3 02 079:
 0 07 032,
 0 02 175,
 0 02 178,
 0 04 025,
 0 13 011
3 02 080:
 0 02 185,
 0 04 025,
 0 13 033
3 02 081:
 0 04 025,
 0 14 031
3 02 082:
 0 04 025,
 0 14 002,
 0 14 004,
 0 14 016,
 0 14 028,
 0 14 029,
 0 14 030
3 02 083:
 0 04 025,
 0 08 023,
 0 10 004,
 0 11 001,
 0 11 002,
 0 12 101,
 0 13 003,
 0 08 023
3 02 084:
 3 02 031,
 3 02 072,
 1 03 000,
 0 31 000,
 1 01 005,
 3 07 063,
 0 07 061,
 1 01 000,
 0 31 000,
 3 02 069,
 0 07 032,
 0 07 033,
 1 05 000,
 0 31 000,
 0 20 031,
 0 20 032,
 0 02 038,
 0 22 043,
 3 02 021,
 1 01 000,
 0 31 000,
 3 02 078,
 0 12 113,
 1 01 000,
 0 31 000,
 3 02 004,
 1 05 000,
 0 31 001,
 0 08 002,
 0 20 011,
 0 20 012,
 0 33 041,
 0 20 013,
 3 02 036,
 1 01 000,
 0 31 000,
 3 02 047,
 0 08 002,
 1 01 000,
 0 31 000,
 3 02 048
3 02 085:
 1 05 000,
 0 31 000,
 0 20 003,
 1 03 002,
 0 04 024,
 0 20 004,
 0 20 005,
 1 01 000,
 0 31 000,
 3 02 175,
 1 02 000,
 0 31 000,
 0 04 025,
 3 02 076,
 1 02 000,
 0 31 000,
 0 04 025,
 0 13 059,
 0 07 032,
 0 07 033,
 0 08 021,
 0 04 025,
 0 11 001,
 0 11 002,
 0 08 021,
 1 03 003,
 0 04 025,
 0 11 043,
 0 11 041,
 0 04 025,
 0 11 016,
 0 11 017,
 3 02 077,
 0 07 033,
 3 02 041,
 1 06 000,
 0 31 000,
 0 07 032,
 0 02 175,
 0 02 178,
 1 02 005,
 0 04 024,
 0 13 011,
 0 07 032,
 1 03 000,
 0 31 000,
 0 02 185,
 1 01 002,
 3 02 044,
 1 02 000,
 0 31 000,
 1 01 002,
 3 02 039,
 1 02 000,
 0 31 000,
 1 01 002,
 3 02 045,
 1 01 000,
 0 31 000,
 3 02 046,
 1 01 000,
 0 31 000,
 3 02 083
3 02 089:
 0 20 101,
 0 20 102,
 0 20 103,
 0 20 104,
 0 20 105,
 0 20 106,
 0 20 107,
 0 20 108
3 02 090:
 0 02 038,
 0 07 063,
 0 22 045
3 02 091:
 0 20 001,
 0 04 024,
 0 13 011
3 02 092:
 0 11 104,
 0 01 012,
 0 01 013,
 0 10 038,
 0 10 039,
 0 11 007,
 0 11 008
3 02 093:
 0 07 032,
 0 07 033,
 3 03 099,
 0 12 101,
 1 03 000,
 0 31 000,
 0 07 032,
 0 07 033,
 3 03 099,
 0 02 039,
 0 02 097,
 0 03 024,
 0 03 021,
 0 12 102,
 0 12 103,
 0 13 003,
 0 07 032,
 0 07 033,
 3 03 099,
 0 02 039,
 0 02 097,
 0 03 021,
 0 03 024
3 02 175:
 0 08 021,
 0 04 025,
 0 13 155,
 0 13 058,
 0 08 021
3 03 001:
 0 07 003,
 0 11 001,
 0 11 002
3 03 002:
 0 07 004,
 0 11 001,
 0 11 002
3 03 003:
 0 07 004,
 0 10 003,
 0 12 001,
 0 12 003
3 03 004:
 0 07 004,
 0 10 003,
 0 12 001,
 0 12 003,
 0 11 001,
 0 11 002
3 03 011:
 0 07 003,
 0 08 001,
 0 11 001,
 0 11 002
3 03 012:
 0 07 004,
 0 08 001,
 0 11 001,
 0 11 002
3 03 013:
 0 07 004,
 0 08 001,
 0 10 003,
 0 12 001,
 0 13 003,
 0 11 001,
 0 11 002
3 03 014:
 0 07 004,
 0 08 001,
 0 10 003,
 0 12 001,
 0 12 003,
 0 11 001,
 0 11 002
3 03 021:
 0 07 004,
 0 07 004,
 2 04 007,
 0 31 021
3 03 022:
 3 03 021,
 0 10 003,
 2 04 000
3 03 023:
 3 03 021,
 0 12 001,
 2 04 000
3 03 024:
 3 03 021,
 0 13 016,
 2 04 000
3 03 025:
 0 02 025,
 2 04 007,
 0 31 021,
 0 12 063,
 2 04 000
3 03 026:
 0 07 004,
 0 08 003,
 2 04 007,
 0 31 021,
 0 12 001,
 2 04 000
3 03 027:
 0 07 004,
 2 04 007,
 0 31 021,
 0 10 003,
 2 04 000
3 03 031:
 0 07 004,
 0 08 003,
 0 07 021,
 0 07 022,
 0 08 012,
 0 12 061
3 03 032:
 0 20 011,
 0 20 016
3 03 033:
 0 20 010,
 0 20 016
3 03 040:
 0 08 041,
 0 04 025,
 0 04 026,
 3 01 021,
 3 01 122,
 2 01 131,
 2 02 129,
 0 25 069,
 0 07 004,
 0 13 003,
 2 02 000,
 2 01 000,
 0 02 013,
 0 12 101,
 0 10 009,
 1 02 002,
 0 08 040,
 0 35 035
3 03 041:
 0 02 152,
 0 02 023,
 0 07 004,
 0 11 001,
 0 11 002,
 0 02 153,
 0 02 154,
 0 12 071
3 03 050:
 0 04 086,
 0 08 042,
 0 07 004,
 0 05 015,
 0 06 015,
 0 11 001,
 0 11 002
3 03 051:
 0 04 086,
 0 08 042,
 0 07 004,
 0 05 015,
 0 06 015,
 0 11 061,
 0 11 062
3 03 052:
 0 04 086,
 0 08 042,
 0 07 009,
 0 05 015,
 0 06 015,
 0 11 001,
 0 11 002
3 03 053:
 0 04 086,
 0 08 042,
 0 07 009,
 0 05 015,
 0 06 015,
 0 11 061,
 0 11 062
3 03 054:
 0 04 086,
 0 08 042,
 0 07 004,
 0 10 009,
 0 05 015,
 0 06 015,
 0 12 101,
 0 12 103,
 0 11 001,
 0 11 002
3 03 055:
 0 04 086,
 0 08 042,
 0 07 009,
 0 05 015,
 0 06 015,
 0 12 101,
 0 13 009,
 0 12 103,
 0 11 001,
 0 11 002
3 03 056:
 0 04 086,
 0 08 042,
 2 07 001,
 0 07 004,
 0 10 009,
 2 07 000,
 0 05 015,
 0 06 015,
 0 12 101,
 0 12 103,
 0 11 001,
 0 11 002
3 03 099:
 0 03 005,
 0 03 006,
 0 03 007,
 0 02 096,
 0 03 022,
 0 03 003,
 0 03 020,
 0 03 004,
 0 03 023,
 0 03 008,
 0 03 009
3 04 001:
 0 08 003,
 0 10 004,
 0 12 001,
 0 11 001,
 0 11 002
3 04 002:
 0 08 003,
 0 10 004,
 0 11 001,
 0 11 002
3 04 003:
 0 08 003,
 0 12 001
3 04 004:
 0 08 003,
 0 10 004,
 0 20 010,
 0 12 001
3 04 005:
 0 02 024,
 0 07 004,
 0 07 004,
 0 13 003
3 04 006:
 0 14 001,
 0 14 001,
 0 14 003
3 04 011:
 0 02 163,
 0 02 164,
 0 08 012,
 0 07 024,
 0 02 057,
 0 08 021,
 0 04 001,
 0 04 002,
 0 04 003,
 0 04 004,
 0 08 021,
 0 04 024,
 1 10 004,
 0 08 021,
 0 04 004,
 0 04 005,
 0 04 006,
 0 08 021,
 0 04 004,
 0 04 005,
 0 04 006,
 0 11 001,
 0 11 002,
 1 03 010,
 0 02 163,
 0 07 004,
 0 12 001
3 04 030:
 0 27 031,
 0 28 031,
 0 10 031
3 04 031:
 0 01 041,
 0 01 042,
 0 01 043
3 04 032:
 0 02 153,
 0 02 154,
 0 20 081,
 0 20 082,
 0 20 012
3 04 033:
 0 02 152,
 0 02 166,
 0 02 167,
 0 02 153,
 0 02 154,
 0 12 075,
 0 12 076,
 0 12 063
3 04 034:
 1 02 004,
 0 27 001,
 0 28 001,
 0 07 022,
 0 05 043,
 0 20 010,
 0 20 016,
 0 33 003,
 0 10 040
3 04 035:
 0 02 153,
 0 02 154,
 0 12 063,
 0 08 001,
 0 12 063,
 0 08 001,
 0 12 063,
 0 08 001,
 0 08 003,
 0 12 063,
 0 08 003,
 0 12 063,
 0 08 003,
 0 12 063,
 0 08 003
3 04 036:
 0 20 082,
 0 08 012,
 0 20 082,
 0 08 012,
 0 20 081,
 0 08 003,
 0 20 081,
 0 08 003,
 0 20 081,
 0 08 003,
 0 20 081,
 0 08 003
3 04 037:
 0 02 153,
 0 02 154,
 0 12 063,
 0 08 011,
 0 12 063,
 0 08 011,
 0 12 063,
 0 08 011,
 0 08 003,
 0 12 063,
 0 08 003,
 0 12 063,
 0 08 003,
 0 12 063
3 04 039:
 2 01 136,
 0 05 042,
 2 01 000,
 0 14 046
3 04 040:
 0 25 140,
 0 25 141,
 0 40 026,
 0 40 016,
 0 25 062,
 1 01 000,
 0 31 002,
 0 40 017
3 05 001:
 0 11 001,
 0 11 002,
 0 13 060,
 0 13 071
3 05 002:
 3 01 012,
 0 12 001,
 0 13 003,
 0 14 051,
 0 13 060,
 0 13 072,
 0 13 080,
 0 13 081,
 0 13 082,
 0 13 083,
 0 13 084
3 05 003:
 3 01 012,
 0 04 065,
 1 01 000,
 0 31 001,
 3 05 001
3 05 004:
 3 01 030,
 3 05 002,
 3 05 003
3 05 006:
 0 13 072,
 0 13 082,
 0 13 019,
 0 12 001,
 0 13 073,
 0 13 060
3 05 007:
 3 01 029,
 3 01 012,
 0 04 065,
 1 01 000,
 0 31 001,
 3 05 006
3 05 008:
 3 05 006,
 0 12 030
3 05 009:
 3 01 029,
 3 01 012,
 0 04 065,
 1 01 000,
 0 31 001,
 3 05 008
3 05 010:
 3 05 008,
 0 02 091,
 0 02 091
3 05 011:
 3 01 029,
 3 01 012,
 0 04 065,
 1 01 000,
 0 31 001,
 3 05 010
3 05 016:
 0 14 021,
 0 07 004,
 0 13 003,
 0 11 002,
 0 11 001,
 0 11 041,
 0 11 043
3 05 017:
 0 13 080,
 0 13 081,
 0 13 083,
 0 13 085,
 0 13 084
3 05 018:
 3 01 029,
 3 01 012,
 0 04 065,
 1 03 000,
 0 31 001,
 3 05 008,
 3 05 016,
 3 05 017
3 06 001:
 0 02 032,
 1 02 000,
 0 31 001,
 0 07 062,
 0 22 042
3 06 002:
 0 02 031,
 0 22 004,
 0 22 031
3 06 003:
 0 02 002,
 0 11 011,
 0 11 012,
 0 12 004
3 06 004:
 0 02 032,
 0 02 033,
 1 03 000,
 0 31 001,
 0 07 062,
 0 22 043,
 0 22 062
3 06 005:
 0 02 031,
 1 03 000,
 0 31 001,
 0 07 062,
 0 22 004,
 0 22 031
3 06 006:
 3 06 003,
 3 06 002,
 0 22 063
3 06 007:
 0 01 012,
 0 01 014,
 3 06 008,
 0 04 024,
 0 27 003,
 0 28 003
3 06 008:
 0 02 034,
 0 02 035,
 0 02 036
3 06 011:
 3 01 021,
 0 01 075,
 0 02 147,
 3 01 011,
 3 01 013
3 06 012:
 0 02 007,
 0 08 015,
 0 08 032,
 3 06 029
3 06 013:
 3 06 012,
 3 01 011,
 3 01 013,
 0 22 120,
 0 22 121,
 0 04 015,
 0 04 065,
 1 02 000,
 0 31 001,
 0 22 038,
 0 22 040
3 06 014:
 3 06 012,
 3 01 011,
 3 01 013,
 0 22 120,
 0 22 121,
 0 04 015,
 0 04 065,
 1 01 000,
 0 31 001,
 0 22 038
3 06 016:
 3 01 011,
 3 01 013,
 0 10 004,
 0 10 051,
 3 02 032,
 0 07 032,
 0 02 002,
 0 08 021,
 0 04 025,
 0 11 001,
 0 11 002,
 0 04 025,
 0 11 043,
 0 11 041,
 0 25 026,
 0 12 060
3 06 017:
 0 02 032,
 0 08 034,
 1 06 000,
 0 31 002,
 0 07 065,
 0 08 080,
 0 33 050,
 0 22 045,
 0 08 080,
 0 33 050,
 0 08 034
3 06 018:
 0 02 032,
 0 08 034,
 1 09 000,
 0 31 002,
 0 07 065,
 0 08 080,
 0 33 050,
 0 22 045,
 0 08 080,
 0 33 050,
 0 22 064,
 0 08 080,
 0 33 050,
 0 08 034
3 06 019:
 0 01 075,
 3 01 011,
 3 01 012,
 0 22 042,
 0 22 120,
 0 22 121,
 0 04 015,
 0 04 065
3 06 020:
 0 01 075,
 3 01 011,
 3 01 012,
 0 22 042,
 0 22 120,
 0 22 121,
 0 04 075,
 0 04 065
3 06 021:
 0 01 075,
 3 01 011,
 3 01 012,
 0 22 122,
 0 22 123,
 0 12 001,
 3 03 002
3 06 022:
 0 01 075,
 3 01 011,
 3 01 012,
 0 22 038,
 0 22 039
3 06 023:
 0 01 015,
 3 01 023,
 3 01 011,
 3 01 012,
 0 22 038,
 0 22 039,
 0 22 120,
 0 22 121
3 06 024:
 3 06 020,
 1 02 006,
 0 22 038,
 0 22 039
3 06 025:
 3 06 019,
 1 02 006,
 0 22 038,
 0 22 039
3 06 027:
 0 01 005,
 0 01 052,
 0 02 047,
 3 01 011,
 3 01 013
3 06 028:
 3 06 027,
 3 01 011,
 3 01 013,
 3 01 021
3 06 029:
 0 25 170,
 0 25 171,
 0 25 172
3 06 030:
 3 06 027,
 3 06 029,
 1 11 000,
 0 31 001,
 0 33 002,
 3 01 011,
 3 01 013,
 0 25 025,
 0 25 025,
 0 25 026,
 0 22 185,
 0 04 015,
 0 04 065,
 1 01 004,
 0 22 182
3 06 031:
 3 06 027,
 3 06 029,
 0 01 053,
 0 33 002,
 3 01 011,
 3 01 013,
 3 01 011,
 3 01 013,
 0 22 185,
 0 22 182,
 0 04 016,
 0 04 066,
 1 01 000,
 0 31 001,
 0 22 184
3 06 033:
 0 02 033,
 0 07 063,
 0 22 064
3 06 034:
 0 02 031,
 0 03 010,
 0 02 040,
 0 22 005,
 0 22 032
3 06 035:
 1 12 000,
 0 31 002,
 0 07 062,
 0 08 080,
 0 33 050,
 0 07 065,
 0 08 080,
 0 33 050,
 0 22 043,
 0 08 080,
 0 33 050,
 0 22 064,
 0 08 080,
 0 33 050
3 06 036:
 1 12 000,
 0 31 002,
 0 07 062,
 0 08 080,
 0 33 050,
 0 07 065,
 0 08 080,
 0 33 050,
 0 22 031,
 0 08 080,
 0 33 050,
 0 22 004,
 0 08 080,
 0 33 050
3 06 037:
 1 09 000,
 0 31 002,
 0 07 062,
 0 08 080,
 0 33 050,
 0 07 065,
 0 08 080,
 0 33 050,
 0 22 188,
 0 08 080,
 0 33 050
3 06 038:
 0 10 004,
 0 10 051,
 0 07 033,
 0 12 101,
 0 12 103,
 0 13 003,
 0 07 033,
 0 08 021,
 0 04 025,
 0 11 001,
 0 11 002,
 0 08 021,
 0 04 025,
 0 11 041,
 0 04 025,
 0 07 033,
 0 02 005,
 0 07 063,
 0 22 049
3 06 039:
 0 22 078,
 0 22 070,
 0 22 073,
 0 22 074,
 0 22 071,
 0 22 076,
 0 22 077
3 06 040:
 0 22 078,
 0 22 082,
 1 06 000,
 0 31 001,
 0 22 080,
 0 22 069,
 0 22 086,
 0 22 087,
 0 22 088,
 0 22 089
3 06 041:
 0 02 032,
 1 02 000,
 0 31 001,
 0 07 062,
 0 22 043
3 06 042:
 0 02 169,
 0 07 033,
 0 08 021,
 0 04 025,
 0 11 001,
 0 11 002
3 06 043:
 0 41 001,
 0 08 043,
 0 15 028,
 0 08 043,
 0 13 080,
 0 41 005,
 0 41 003,
 0 22 188,
 0 41 002,
 1 06 000,
 0 31 000,
 0 04 024,
 0 14 002,
 0 14 002,
 0 14 012,
 0 14 004,
 0 04 024
3 07 001:
 3 01 031,
 3 02 011
3 07 002:
 3 01 032,
 3 02 011
3 07 003:
 3 07 001,
 1 01 000,
 0 31 001,
 3 02 005
3 07 004:
 3 07 002,
 1 01 000,
 0 31 001,
 3 02 005
3 07 005:
 3 07 001,
 1 01 004,
 3 02 005
3 07 006:
 3 07 002,
 1 01 004,
 3 02 005
3 07 007:
 3 01 031,
 3 02 012
3 07 008:
 3 01 032,
 3 02 012
3 07 009:
 3 01 031,
 3 02 013
3 07 011:
 0 01 063,
 0 02 001,
 3 01 011,
 3 01 012,
 3 01 024,
 0 07 006,
 0 11 001,
 0 11 016,
 0 11 017,
 0 11 002,
 0 11 041,
 0 07 006,
 0 12 001,
 0 12 003,
 0 10 052,
 0 20 009
3 07 012:
 1 03 000,
 0 31 001,
 0 08 023,
 0 05 021,
 0 20 001
3 07 013:
 1 06 000,
 0 31 001,
 0 01 064,
 0 08 014,
 0 20 061,
 0 08 014,
 0 20 061,
 0 20 018
3 07 014:
 1 01 000,
 0 31 001,
 0 20 019
3 07 015:
 1 01 000,
 0 31 001,
 3 02 005,
 0 20 002
3 07 016:
 1 01 000,
 0 31 001,
 0 20 020
3 07 017:
 1 01 000,
 0 31 001,
 0 11 070
3 07 018:
 0 08 016,
 1 02 000,
 0 31 001,
 0 08 017,
 3 01 012,
 1 04 000,
 0 31 001,
 0 07 006,
 0 11 001,
 0 11 002,
 0 11 041,
 0 20 009,
 1 01 000,
 0 31 001,
 0 20 001,
 3 07 014
3 07 020:
 3 07 011,
 3 07 014,
 3 07 016
3 07 021:
 3 07 011,
 3 07 012,
 3 07 013,
 3 07 014,
 3 07 015,
 3 07 016,
 3 07 017,
 3 07 018,
 3 07 015
3 07 022:
 0 01 015,
 3 01 011,
 3 01 012,
 3 01 022,
 0 08 021,
 0 04 025,
 0 10 004,
 0 12 001,
 0 13 003,
 0 33 038,
 0 08 022,
 1 06 025,
 0 02 020,
 0 01 050,
 0 05 021,
 0 07 021,
 0 15 031,
 0 15 032,
 0 08 060,
 0 15 033,
 0 15 034,
 0 08 060,
 0 15 033,
 0 15 034,
 0 15 035,
 2 01 131,
 2 02 129,
 0 13 016,
 2 02 000,
 2 01 000,
 0 15 011
3 07 024:
 3 01 150,
 0 01 015,
 0 01 040,
 0 08 021,
 3 01 011,
 3 01 013,
 3 01 022,
 0 10 036,
 0 25 061,
 0 10 004,
 0 12 001,
 0 13 003,
 1 20 000,
 0 31 000,
 0 25 060,
 0 08 021,
 0 04 025,
 1 15 000,
 0 31 001,
 0 15 079,
 0 15 080,
 0 08 022,
 0 33 093,
 0 15 089,
 0 15 035,
 1 02 002,
 0 08 060,
 0 15 083,
 2 01 131,
 2 02 129,
 0 13 016,
 2 02 000,
 2 01 000,
 0 15 011,
 1 31 000,
 0 31 000,
 0 25 060,
 0 08 021,
 0 04 025,
 0 33 093,
 1 25 000,
 0 31 001,
 0 02 020,
 0 01 050,
 0 01 150,
 2 02 127,
 3 04 030,
 2 02 000,
 0 05 021,
 0 07 021,
 0 15 038,
 0 15 039,
 0 15 090,
 0 15 081,
 0 15 082,
 0 15 079,
 0 15 089,
 0 15 035,
 1 02 002,
 0 08 060,
 0 15 083,
 0 15 084,
 0 15 085,
 0 15 086,
 0 15 087,
 0 15 088,
 0 15 011
3 07 030:
 0 15 001,
 0 15 002
3 07 031:
 0 08 022,
 0 08 023,
 0 15 001,
 0 08 023,
 0 15 001,
 0 08 023,
 0 15 002
3 07 041:
 3 01 001,
 0 01 015,
 3 01 024,
 3 01 011,
 3 01 012,
 3 01 070,
 3 07 030
3 07 042:
 3 01 001,
 0 01 015,
 3 01 024,
 3 01 011,
 3 01 012,
 0 08 021,
 0 04 025,
 3 01 070,
 3 07 031
3 07 043:
 3 01 001,
 0 01 015,
 3 01 024,
 3 01 011,
 3 01 012,
 3 01 074,
 3 07 030
3 07 044:
 3 01 001,
 0 01 015,
 3 01 024,
 3 01 011,
 3 01 012,
 0 08 021,
 0 04 025,
 3 01 074,
 3 07 031
3 07 045:
 0 01 063,
 0 08 079,
 0 02 001,
 3 01 011,
 3 01 012,
 3 01 023,
 0 07 030,
 0 07 031,
 0 07 032,
 0 11 001,
 0 11 016,
 0 11 017,
 0 08 054,
 0 11 083,
 0 11 084,
 0 11 002,
 0 08 054,
 0 11 085,
 0 11 086,
 0 11 041,
 0 08 054,
 0 07 032,
 0 12 023,
 0 12 024,
 0 07 032,
 0 10 052,
 0 20 009
3 07 046:
 0 20 060,
 1 02 000,
 0 31 001,
 0 05 021,
 0 20 059
3 07 047:
 1 05 000,
 0 31 001,
 0 08 002,
 0 20 011,
 0 20 012,
 0 20 013,
 0 20 092,
 0 20 002,
 0 20 091
3 07 048:
 0 08 016,
 1 02 000,
 0 31 001,
 0 08 017,
 3 01 012,
 1 12 000,
 0 31 000,
 0 07 032,
 0 11 001,
 0 08 054,
 0 11 083,
 0 11 084,
 0 11 002,
 0 08 054,
 0 11 085,
 0 11 086,
 0 11 041,
 0 08 054,
 0 07 032,
 0 20 009,
 1 01 000,
 0 31 000,
 0 20 060,
 3 07 014,
 3 07 047
3 07 049:
 1 02 000,
 0 31 000,
 0 22 043,
 0 22 021
3 07 050:
 1 01 000,
 0 31 000,
 0 20 085,
 1 02 000,
 0 31 001,
 0 01 064,
 0 20 085,
 1 05 000,
 0 31 001,
 0 01 064,
 0 20 086,
 0 20 087,
 0 20 088,
 0 20 089
3 07 051:
 3 07 045,
 3 07 046,
 3 07 013,
 3 07 014,
 3 07 047,
 3 07 016,
 3 07 017,
 3 07 049,
 3 07 050,
 1 01 000,
 0 31 001,
 3 07 048
3 07 052:
 0 01 063,
 0 08 039,
 3 01 011,
 3 01 012,
 0 08 079,
 0 08 039,
 3 01 011,
 3 01 012,
 0 08 039,
 3 01 011,
 3 01 012,
 3 01 023,
 0 07 030,
 0 07 031
3 07 053:
 0 07 032,
 0 11 001,
 0 08 054,
 0 11 083,
 0 11 084,
 0 11 002,
 0 08 054,
 0 11 085,
 0 11 086,
 0 11 041,
 0 08 054,
 0 07 032,
 0 20 009,
 0 20 060,
 3 07 014,
 3 07 047
3 07 054:
 0 07 032,
 0 08 039,
 0 04 003,
 0 04 004,
 0 08 023,
 0 12 023,
 0 08 039,
 0 04 003,
 0 04 004,
 0 08 023,
 0 12 023,
 0 08 023,
 0 07 032
3 07 055:
 0 33 045,
 0 08 016,
 0 08 039,
 0 04 003,
 3 01 012,
 0 08 039,
 0 04 003,
 3 01 012,
 3 07 053
3 07 056:
 3 07 052,
 3 07 053,
 3 07 054,
 1 01 000,
 0 31 001,
 3 07 055
3 07 060:
 0 07 061,
 0 12 030
3 07 061:
 3 01 031,
 1 01 005,
 3 07 060
3 07 062:
 3 01 032,
 1 01 005,
 3 07 060
3 07 063:
 0 07 061,
 0 12 130
3 07 071:
 3 01 090,
 0 04 074,
 0 04 023,
 0 08 023,
 0 10 004,
 0 10 051,
 0 07 004,
 0 10 009,
 0 07 032,
 0 12 101,
 0 02 051,
 0 04 051,
 0 12 118,
 0 04 052,
 0 12 119,
 0 13 004,
 0 08 023,
 0 12 151,
 0 07 032,
 1 02 005,
 0 08 050,
 0 08 020,
 0 14 032,
 0 14 033,
 0 08 050,
 0 08 020,
 1 02 018,
 0 08 052,
 0 08 022,
 0 07 032,
 0 08 053,
 0 04 003,
 0 12 152,
 0 08 053,
 0 04 003,
 0 12 153,
 0 08 053,
 0 04 003,
 0 08 023,
 0 12 101,
 0 08 053,
 0 04 003,
 0 08 023,
 0 12 101,
 0 08 023,
 0 07 032,
 0 02 002,
 0 08 053,
 0 04 003,
 0 11 046,
 0 08 053,
 0 04 003,
 0 04 004,
 0 04 023,
 0 07 032,
 0 13 060,
 0 13 051,
 0 04 053,
 0 08 050,
 0 08 020,
 1 02 006,
 0 08 052,
 0 08 022,
 0 08 053,
 0 04 003,
 0 13 052,
 0 07 032
3 07 072:
 0 04 001,
 0 04 001,
 0 04 002,
 0 04 003,
 0 04 004,
 0 04 074,
 0 04 022,
 0 08 023,
 0 10 004,
 0 10 051,
 0 07 004,
 0 10 009,
 0 07 032,
 0 12 101,
 0 02 051,
 0 04 051,
 0 12 118,
 0 04 052,
 0 12 119,
 0 13 004,
 0 12 151,
 0 07 032,
 0 14 032,
 0 08 023,
 0 04 001,
 0 04 001,
 0 04 002,
 0 04 003,
 0 04 004,
 0 04 022,
 0 07 032,
 0 08 023,
 0 13 060,
 0 04 053,
 0 08 023,
 1 02 008,
 0 08 050,
 0 08 020
3 07 073:
 3 07 071,
 3 07 072
3 07 074:
 3 01 001,
 0 04 001,
 0 04 002,
 3 01 021,
 0 07 030,
 0 07 032,
 1 12 000,
 0 31 001,
 0 04 003,
 0 04 004,
 0 04 024,
 1 02 003,
 0 08 023,
 0 12 101,
 0 08 023,
 0 04 004,
 0 04 024,
 0 13 060,
 0 13 012,
 0 13 013
3 07 076:
 3 01 090,
 0 04 074,
 0 04 023,
 0 08 023,
 0 10 004,
 0 10 051,
 0 07 004,
 0 10 009,
 0 07 032,
 0 12 101,
 0 02 051,
 0 04 051,
 0 12 118,
 0 04 052,
 0 12 119,
 0 13 004,
 0 08 023,
 0 12 151,
 0 07 032,
 1 02 005,
 0 08 050,
 0 08 020,
 0 14 032,
 0 14 033,
 0 08 050,
 0 08 020,
 1 02 018,
 0 08 052,
 0 08 022,
 0 07 032,
 0 08 053,
 0 04 003,
 0 12 152,
 0 08 053,
 0 04 003,
 0 12 153,
 0 08 053,
 0 04 003,
 0 08 023,
 0 12 101,
 0 08 053,
 0 04 003,
 0 08 023,
 0 12 101,
 0 08 023,
 0 07 032,
 0 02 002,
 0 08 053,
 0 04 003,
 0 11 046,
 0 08 053,
 0 04 003,
 0 04 004,
 0 04 074,
 0 04 023,
 0 07 032,
 0 13 060,
 0 13 051,
 0 04 053,
 0 08 050,
 0 08 020,
 1 02 006,
 0 08 052,
 0 08 022,
 0 08 053,
 0 04 003,
 0 13 052,
 0 07 032
3 07 077:
 0 04 001,
 0 04 001,
 0 04 002,
 0 04 003,
 0 04 004,
 0 04 074,
 0 04 022,
 0 08 023,
 0 10 004,
 0 10 051,
 0 07 004,
 0 10 009,
 0 07 032,
 0 12 101,
 0 02 051,
 0 04 051,
 0 12 118,
 0 04 052,
 0 12 119,
 0 13 004,
 0 12 151,
 0 07 032,
 0 14 032,
 0 08 023,
 0 04 001,
 0 04 001,
 0 04 002,
 0 04 003,
 0 04 004,
 0 04 074,
 0 04 022,
 0 07 032,
 0 08 023,
 0 13 060,
 0 04 053,
 0 08 023,
 1 02 008,
 0 08 050,
 0 08 020
3 07 078:
 3 07 076,
 3 07 077
3 07 079:
 3 01 090,
 3 02 031,
 3 02 035,
 3 02 036,
 1 01 000,
 0 31 000,
 3 02 047,
 0 08 002,
 1 01 000,
 0 31 000,
 3 02 048,
 3 02 037,
 1 02 000,
 0 31 000,
 0 22 061,
 0 20 058,
 1 01 000,
 0 31 000,
 3 02 056,
 1 01 000,
 0 31 000,
 3 02 055,
 3 02 043,
 3 02 044,
 1 01 000,
 0 31 001,
 3 02 045,
 1 01 000,
 0 31 000,
 3 02 046
3 07 080:
 3 01 090,
 3 02 031,
 3 02 035,
 3 02 036,
 3 02 047,
 0 08 002,
 3 02 048,
 3 02 037,
 3 02 043,
 3 02 044,
 1 01 002,
 3 02 045,
 3 02 046
3 07 081:
 3 01 090,
 3 02 031,
 3 02 035,
 3 02 036,
 3 02 047,
 0 08 002,
 3 02 048,
 3 02 037,
 0 12 122,
 0 13 056,
 0 13 057,
 0 20 101,
 0 20 102,
 0 20 103,
 0 20 104,
 0 20 105,
 0 20 106,
 0 20 107,
 0 20 108,
 3 02 043,
 3 02 044,
 1 01 002,
 3 02 045,
 3 02 046
3 07 082:
 3 01 090,
 3 02 031,
 3 02 035,
 3 02 036,
 3 02 047,
 0 08 002,
 3 02 048,
 3 02 037,
 0 12 121,
 0 12 122,
 3 02 043,
 3 02 044,
 1 01 002,
 3 02 045,
 3 02 046
3 07 083:
 3 01 090,
 3 02 031,
 3 02 035,
 3 02 036,
 3 02 047,
 0 08 002,
 3 02 048,
 3 02 037,
 0 12 122,
 3 02 043,
 3 02 044,
 1 01 002,
 3 02 045,
 3 02 046
3 07 084:
 3 01 090,
 3 02 031,
 3 02 035,
 3 02 036,
 3 02 047,
 0 08 002,
 3 02 048,
 3 02 037,
 0 20 055,
 1 01 000,
 0 31 001,
 2 05 001,
 3 02 043,
 3 02 044,
 1 01 002,
 3 02 045,
 3 02 046
3 07 086:
 3 01 090,
 3 02 031,
 3 02 035,
 3 02 036,
 0 08 002,
 3 02 037,
 3 02 066,
 3 02 043,
 3 02 044,
 1 01 002,
 3 02 045
3 07 087:
 3 01 001,
 0 02 001,
 3 01 011,
 3 01 012,
 3 01 023,
 0 07 030,
 0 07 031,
 3 02 001,
 0 10 062,
 0 07 004,
 0 10 009,
 0 07 032,
 0 12 101,
 0 12 103,
 0 13 003,
 0 07 032,
 0 20 001,
 3 02 004,
 1 01 000,
 0 31 001,
 3 02 005
3 07 088:
 0 20 003,
 0 04 024,
 0 20 004,
 0 20 005,
 0 04 024,
 0 02 004,
 0 13 033,
 1 02 002,
 0 04 024,
 0 14 031,
 1 02 002,
 0 04 024,
 0 13 011,
 0 07 032,
 0 04 024,
 0 12 111,
 0 04 024,
 0 12 112,
 0 07 032,
 0 02 002,
 0 08 021,
 0 04 025,
 0 11 001,
 0 11 002,
 0 08 021
3 07 089:
 3 07 087,
 3 07 088
3 07 090:
 3 01 092,
 3 02 031,
 3 02 035,
 3 02 036,
 3 02 047,
 0 08 002,
 3 02 048,
 3 02 037,
 3 02 043,
 3 02 044,
 1 01 002,
 3 02 045,
 3 02 046
3 07 091:
 3 01 089,
 3 01 090,
 0 08 010,
 3 01 091,
 3 02 001,
 0 07 004,
 0 10 009,
 3 02 072,
 1 03 000,
 0 31 000,
 1 01 005,
 3 07 063,
 0 07 061,
 1 01 000,
 0 31 000,
 3 02 069,
 0 07 032,
 0 07 033,
 1 05 000,
 0 31 000,
 0 20 031,
 0 20 032,
 0 02 038,
 0 22 043,
 3 02 021,
 1 01 000,
 0 31 000,
 3 02 078,
 1 01 000,
 0 31 000,
 3 02 073,
 1 01 000,
 0 31 000,
 3 02 074,
 1 01 000,
 0 31 000,
 3 02 175,
 1 02 000,
 0 31 000,
 0 04 025,
 3 02 076,
 3 02 071,
 3 02 077,
 0 07 033,
 1 01 000,
 0 31 000,
 3 02 079,
 0 07 032,
 1 01 000,
 0 31 000,
 3 02 080,
 1 01 000,
 0 31 000,
 3 02 081,
 1 01 000,
 0 31 000,
 3 02 082,
 1 02 000,
 0 31 000,
 0 04 025,
 0 13 059,
 1 01 000,
 0 31 000,
 3 02 083,
 0 33 005,
 0 33 006
3 07 092:
 3 01 150,
 3 01 001,
 2 08 040,
 0 01 019,
 2 08 000,
 3 01 011,
 3 01 012,
 3 01 021,
 0 07 030,
 0 01 023,
 1 08 000,
 0 31 000,
 0 07 031,
 2 04 018,
 0 31 021,
 0 10 004,
 0 10 051,
 0 07 004,
 0 10 009,
 2 04 000,
 1 15 000,
 0 31 001,
 0 07 032,
 0 08 010,
 2 04 018,
 0 31 021,
 0 12 101,
 0 12 103,
 2 02 129,
 2 01 132,
 0 13 003,
 2 01 000,
 2 02 000,
 0 13 009,
 2 04 000,
 0 07 032,
 0 08 010,
 1 07 000,
 0 31 001,
 0 07 061,
 2 04 018,
 0 31 021,
 0 12 130,
 0 13 111,
 2 04 000,
 0 07 061,
 1 05 000,
 0 31 000,
 0 33 041,
 2 04 018,
 0 31 021,
 0 20 001,
 2 04 000,
 1 13 000,
 0 31 000,
 2 04 018,
 0 31 021,
 0 20 010,
 2 04 000,
 1 07 000,
 0 31 001,
 0 08 002,
 2 04 018,
 0 31 021,
 0 20 011,
 0 20 013,
 2 04 000,
 0 08 002,
 1 05 000,
 0 31 000,
 2 04 018,
 0 31 021,
 0 20 062,
 0 13 013,
 2 04 000,
 1 05 000,
 0 31 000,
 0 04 025,
 2 04 018,
 0 31 021,
 0 20 003,
 2 04 000,
 1 05 000,
 0 31 000,
 0 04 025,
 2 04 018,
 0 31 021,
 0 13 011,
 2 04 000,
 1 15 000,
 0 31 001,
 0 07 032,
 0 08 021,
 0 04 025,
 2 04 018,
 0 31 021,
 0 11 001,
 0 11 002,
 2 04 000,
 0 08 021,
 2 04 018,
 0 31 021,
 0 11 043,
 0 11 041,
 2 04 000,
 0 07 032,
 1 05 000,
 0 31 000,
 0 04 025,
 2 04 018,
 0 31 021,
 0 14 031,
 2 04 000,
 1 10 000,
 0 31 000,
 0 04 025,
 2 04 018,
 0 31 021,
 0 14 002,
 0 14 002,
 0 14 004,
 0 14 028,
 0 14 029,
 0 14 030,
 2 04 000,
 1 13 000,
 0 31 000,
 0 04 025,
 0 02 071,
 0 02 072,
 2 04 018,
 0 31 021,
 0 14 072,
 2 04 000,
 0 02 071,
 0 02 072,
 2 04 018,
 0 31 021,
 0 14 072,
 2 04 000
3 07 096:
 3 01 090,
 3 01 089,
 0 08 010,
 3 01 091,
 3 02 084,
 3 02 085,
 0 33 005,
 0 33 006
3 07 101:
 3 01 089,
 0 01 019,
 0 02 001,
 3 01 011,
 3 01 012,
 3 01 021,
 0 07 030,
 0 07 032,
 0 12 101,
 0 07 032,
 0 02 177,
 0 20 062,
 0 13 013
3 07 102:
 3 01 089,
 0 01 018,
 0 01 015,
 0 01 104,
 0 01 105,
 0 01 106,
 0 03 017,
 0 03 018,
 0 03 019,
 3 01 011,
 3 01 012,
 3 01 021,
 0 07 030,
 0 07 032,
 0 12 101,
 0 12 103,
 0 13 003,
 0 07 032,
 0 20 001,
 1 09 000,
 0 31 001,
 0 03 016,
 0 12 128,
 1 02 000,
 0 31 001,
 0 07 061,
 0 12 129,
 0 07 061,
 0 13 116,
 0 20 138,
 0 04 025,
 0 20 024,
 0 13 055,
 0 20 021,
 0 13 011,
 0 07 032,
 0 08 021,
 0 04 025,
 0 11 001,
 0 11 002,
 0 08 021,
 0 04 025,
 0 11 043,
 0 11 041,
 0 33 005
3 07 103:
 3 01 150,
 3 07 101,
 0 13 117,
 0 03 028,
 0 13 163
3 07 182:
 3 01 090,
 3 02 031,
 3 02 035,
 3 02 036,
 3 02 047,
 0 08 002,
 3 02 048,
 3 02 037,
 0 12 120,
 0 12 122,
 3 02 043,
 3 02 044,
 1 01 002,
 3 02 045,
 3 02 046
3 08 001:
 3 01 033,
 3 02 011,
 0 22 042
3 08 002:
 3 01 034,
 3 02 011,
 0 22 042
3 08 003:
 3 01 035,
 3 02 011,
 0 22 042
3 08 004:
 3 01 036,
 3 02 011,
 0 22 042
3 08 005:
 3 08 004,
 3 02 024
3 08 006:
 0 10 004,
 0 10 061,
 0 10 063,
 0 11 001,
 0 11 002,
 0 12 004,
 0 13 003,
 0 22 042
3 08 007:
 3 01 055,
 3 02 011,
 0 07 062,
 0 22 042
3 08 009:
 3 01 093,
 3 02 001,
 3 02 054,
 0 08 002,
 3 02 055,
 3 02 057,
 3 02 060
3 08 010:
 0 01 011,
 1 13 000,
 0 31 001,
 3 01 011,
 3 01 012,
 3 01 021,
 0 04 080,
 0 22 049,
 0 04 080,
 0 22 059,
 0 04 080,
 0 22 005,
 0 02 042,
 0 22 032,
 0 02 042,
 0 04 080
3 08 011:
 0 01 011,
 0 02 001,
 3 01 011,
 3 01 012,
 3 01 023,
 0 07 030,
 0 07 031,
 0 04 074,
 0 04 023,
 0 08 023,
 0 10 051,
 0 07 032,
 0 07 033,
 0 12 101,
 0 13 004,
 0 07 032,
 0 07 033,
 3 02 056,
 0 08 023,
 0 04 003,
 0 04 004,
 0 04 023,
 0 07 032,
 0 13 060,
 0 13 051,
 0 04 053,
 0 07 032
3 08 012:
 0 04 001,
 0 04 001,
 0 04 002,
 0 04 003,
 0 04 004,
 0 04 074,
 0 04 022,
 0 08 023,
 0 10 051,
 0 07 032,
 0 07 033,
 0 12 101,
 0 13 004,
 0 07 032,
 0 07 033,
 3 02 056,
 0 08 023,
 0 04 001,
 0 04 001,
 0 04 002,
 0 04 003,
 0 04 004,
 0 04 022,
 0 07 032,
 0 08 023,
 0 13 060,
 0 04 053,
 0 08 023
3 08 013:
 3 08 011,
 3 08 012
3 08 014:
 1 01 000,
 0 31 000,
 3 01 018,
 0 03 001,
 3 01 093,
 2 08 032,
 0 01 079,
 2 08 000,
 3 02 062,
 3 02 063,
 1 01 000,
 0 31 000,
 3 02 092,
 1 01 000,
 0 31 000,
 3 06 033,
 1 01 000,
 0 31 000,
 3 06 034,
 1 01 000,
 0 31 000,
 3 06 043
3 08 015:
 0 01 003,
 0 01 020,
 0 01 005,
 0 01 011,
 0 01 007,
 0 01 001,
 0 01 002,
 0 02 044,
 0 02 045,
 3 01 011,
 3 01 012,
 3 01 021,
 0 22 063,
 0 22 076,
 0 22 077,
 0 22 094,
 0 25 043,
 0 22 078,
 1 05 002,
 0 02 046,
 0 22 070,
 0 22 071,
 0 22 073,
 0 22 074,
 1 27 000,
 0 31 001,
 0 02 046,
 0 08 090,
 0 22 102,
 0 08 090,
 0 22 084,
 1 20 000,
 0 31 001,
 0 22 080,
 0 22 108,
 0 22 086,
 0 22 087,
 0 22 088,
 0 22 089,
 1 05 000,
 0 31 001,
 0 08 090,
 0 22 104,
 0 08 090,
 0 22 186,
 0 22 187,
 1 05 000,
 0 31 001,
 0 08 090,
 0 22 106,
 0 08 090,
 0 22 186,
 0 22 187
3 08 016:
 0 01 003,
 0 01 020,
 0 01 005,
 0 01 011,
 0 01 007,
 0 01 001,
 0 01 002,
 0 02 044,
 0 02 045,
 3 01 011,
 3 01 012,
 3 01 021,
 0 22 063,
 0 22 076,
 0 22 077,
 0 22 094,
 0 25 044,
 0 22 079,
 1 05 002,
 0 02 046,
 0 22 070,
 0 22 072,
 0 22 073,
 0 22 075,
 1 27 000,
 0 31 001,
 0 02 046,
 0 08 090,
 0 22 103,
 0 08 090,
 0 22 084,
 1 20 000,
 0 31 001,
 0 22 081,
 0 22 108,
 0 22 086,
 0 22 087,
 0 22 088,
 0 22 089,
 1 05 000,
 0 31 001,
 0 08 090,
 0 22 105,
 0 08 090,
 0 22 186,
 0 22 187,
 1 05 000,
 0 31 001,
 0 08 090,
 0 22 107,
 0 08 090,
 0 22 186,
 0 22 187
3 08 017:
 3 01 056,
 3 02 001,
 3 02 052,
 1 01 000,
 0 31 000,
 3 02 056,
 3 02 064,
 3 02 053,
 1 01 000,
 0 31 000,
 3 02 004,
 1 01 000,
 0 31 000,
 3 02 005,
 1 01 000,
 0 31 000,
 3 02 038,
 1 01 000,
 0 31 000,
 3 06 039
3 08 018:
 3 01 150,
 3 01 093,
 3 02 001,
 3 02 072,
 1 01 000,
 0 31 000,
 3 02 056,
 1 01 000,
 0 31 000,
 3 02 064
3 08 021:
 0 01 011,
 0 02 001,
 3 01 011,
 3 01 012,
 3 01 023,
 0 07 030,
 0 07 031,
 0 04 074,
 0 04 023,
 0 08 023,
 0 10 051,
 0 07 032,
 0 07 033,
 0 12 101,
 0 13 004,
 0 07 032,
 0 07 033,
 3 02 056,
 0 08 023,
 0 04 003,
 0 04 004,
 0 04 074,
 0 04 023,
 0 07 032,
 0 13 060,
 0 13 051,
 0 04 053,
 0 07 032
3 08 022:
 0 04 001,
 0 04 001,
 0 04 002,
 0 04 003,
 0 04 004,
 0 04 074,
 0 04 022,
 0 08 023,
 0 10 051,
 0 07 032,
 0 07 033,
 0 12 101,
 0 13 004,
 0 07 032,
 0 07 033,
 3 02 056,
 0 08 023,
 0 04 001,
 0 04 001,
 0 04 002,
 0 04 003,
 0 04 004,
 0 04 074,
 0 04 022,
 0 07 032,
 0 08 023,
 0 13 060,
 0 04 053,
 0 08 023
3 08 023:
 3 08 021,
 3 08 022
3 09 001:
 3 01 037,
 1 01 000,
 0 31 001,
 3 03 011
3 09 002:
 3 01 038,
 1 01 000,
 0 31 001,
 3 03 011
3 09 003:
 3 01 037,
 1 01 000,
 0 31 001,
 3 03 012
3 09 004:
 3 01 038,
 1 01 000,
 0 31 001,
 3 03 012
3 09 005:
 3 01 037,
 3 02 004,
 1 01 000,
 0 31 001,
 3 03 013
3 09 006:
 3 01 038,
 3 02 004,
 1 01 000,
 0 31 001,
 3 03 013
3 09 007:
 3 01 037,
 3 02 004,
 1 01 000,
 0 31 001,
 3 03 014
3 09 008:
 3 01 038,
 3 02 004,
 1 01 000,
 0 31 001,
 3 03 014
3 09 011:
 3 01 039,
 1 01 000,
 0 31 001,
 3 03 011
3 09 012:
 3 01 039,
 1 01 000,
 0 31 001,
 3 03 012
3 09 013:
 3 01 039,
 3 02 004,
 1 01 000,
 0 31 001,
 3 03 013
3 09 014:
 3 01 039,
 3 02 004,
 1 01 000,
 0 31 001,
 3 03 014
3 09 015:
 3 01 040,
 1 01 000,
 0 31 001,
 3 03 011
3 09 016:
 3 01 040,
 1 01 000,
 0 31 001,
 3 03 012
3 09 017:
 3 01 040,
 3 02 004,
 1 01 000,
 0 31 001,
 3 03 013
3 09 018:
 3 01 040,
 3 02 004,
 1 01 000,
 0 31 001,
 3 03 014
3 09 019:
 3 01 031,
 0 02 003,
 1 01 000,
 0 31 001,
 3 03 011
3 09 020:
 3 01 031,
 0 02 003,
 1 04 000,
 0 31 001,
 0 07 003,
 0 11 003,
 0 11 004,
 0 11 005
3 09 021:
 3 01 001,
 0 05 001,
 0 06 001,
 0 07 030,
 3 01 014,
 0 02 003,
 0 02 121,
 1 12 000,
 0 31 001,
 0 07 007,
 3 01 021,
 0 11 003,
 0 11 110,
 0 11 004,
 0 11 111,
 0 33 002,
 0 11 006,
 0 11 112,
 0 33 002,
 0 10 071,
 0 27 079
3 09 022:
 3 01 001,
 0 05 001,
 0 06 001,
 0 07 030,
 3 01 014,
 0 02 003,
 0 02 121,
 1 10 000,
 0 31 001,
 0 07 007,
 3 01 021,
 0 12 007,
 0 12 008,
 0 33 002,
 0 11 006,
 0 11 112,
 0 33 002,
 0 10 071,
 0 27 079
3 09 023:
 3 01 001,
 0 05 001,
 0 06 001,
 0 07 030,
 3 01 014,
 0 02 003,
 3 02 004,
 3 02 005,
 1 14 000,
 0 31 001,
 0 07 007,
 3 01 021,
 1 01 000,
 0 31 001,
 0 02 121,
 0 15 063,
 0 15 064,
 0 15 065,
 0 15 066,
 0 15 067,
 0 15 068,
 0 15 069,
 0 15 070,
 0 15 071,
 0 15 072,
 0 33 002,
 0 10 071,
 0 27 079
3 09 024:
 3 01 132,
 2 01 151,
 2 02 130,
 0 02 121,
 2 02 000,
 2 01 000,
 0 08 021,
 0 04 025,
 1 09 000,
 0 31 002,
 0 07 007,
 3 01 021,
 0 11 003,
 0 11 004,
 0 33 002,
 0 11 006,
 0 33 002,
 0 10 071,
 0 27 079
3 09 025:
 3 01 132,
 2 01 151,
 2 02 130,
 0 02 121,
 2 02 000,
 2 01 000,
 0 08 021,
 0 04 025,
 1 06 000,
 0 31 002,
 0 07 007,
 3 01 021,
 0 12 007,
 0 33 002,
 0 10 071,
 0 27 079
3 09 026:
 3 01 132,
 3 02 004,
 3 02 005,
 0 08 092,
 0 08 093,
 0 08 021,
 0 04 025,
 2 01 138,
 2 02 126,
 0 02 121,
 2 02 000,
 2 01 000,
 1 15 000,
 0 31 002,
 0 07 007,
 3 01 021,
 0 15 073,
 0 15 064,
 0 15 074,
 0 15 066,
 0 15 075,
 0 15 068,
 0 15 076,
 0 15 077,
 0 15 078,
 0 15 072,
 0 33 002,
 0 10 071,
 0 27 079
3 09 030:
 0 15 004,
 0 15 005,
 1 04 000,
 0 31 001,
 0 04 015,
 0 08 006,
 0 07 004,
 0 15 003
3 09 031:
 0 15 004,
 0 15 005,
 1 04 000,
 0 31 001,
 0 04 025,
 0 08 006,
 0 07 004,
 0 15 003
3 09 040:
 3 01 075,
 3 01 076,
 3 09 030
3 09 041:
 3 07 041,
 3 01 075,
 3 01 076,
 3 09 030
3 09 042:
 3 07 042,
 3 01 075,
 3 01 076,
 3 09 030
3 09 043:
 3 07 043,
 3 01 075,
 3 01 076,
 3 09 030
3 09 044:
 3 07 044,
 3 01 075,
 3 01 076,
 3 09 030
3 09 045:
 3 01 075,
 3 01 076,
 3 09 031
3 09 046:
 3 07 041,
 3 01 075,
 3 01 076,
 3 09 031
3 09 047:
 3 07 042,
 3 01 075,
 3 01 076,
 3 09 031
3 09 048:
 3 07 043,
 3 01 075,
 3 01 076,
 3 09 031
3 09 049:
 3 07 044,
 3 01 075,
 3 01 076,
 3 09 031
3 09 050:
 3 01 110,
 3 01 113,
 3 01 114,
 1 01 000,
 0 31 002,
 3 03 050,
 1 01 000,
 0 31 001,
 3 03 051
3 09 051:
 3 01 110,
 3 01 113,
 3 01 114,
 1 01 000,
 0 31 002,
 3 03 052,
 1 01 000,
 0 31 001,
 3 03 053
3 09 052:
 3 01 111,
 3 01 113,
 3 01 114,
 3 02 049,
 0 22 043,
 1 01 000,
 0 31 002,
 3 03 054,
 1 01 000,
 0 31 001,
 3 03 051
3 09 053:
 3 01 112,
 3 01 113,
 3 01 114,
 1 01 000,
 0 31 002,
 3 03 054,
 1 01 000,
 0 31 001,
 3 03 051
3 09 054:
 3 01 001,
 0 01 011,
 3 01 011,
 3 01 012,
 3 01 021,
 0 07 030,
 0 07 031,
 0 07 007,
 0 04 023,
 0 04 059,
 1 15 000,
 0 31 001,
 0 08 001,
 0 08 023,
 0 07 004,
 0 10 009,
 0 12 101,
 0 12 103,
 0 08 023,
 0 11 001,
 0 11 002,
 0 08 023,
 0 11 019,
 0 08 050,
 0 08 020,
 0 08 050,
 0 08 020
3 09 055:
 3 01 111,
 0 25 061,
 0 01 081,
 0 01 082,
 0 02 067,
 0 02 095,
 0 02 096,
 0 02 097,
 0 02 081,
 0 02 082,
 0 02 084,
 0 02 191,
 3 01 113,
 3 01 114,
 0 10 004,
 3 02 032,
 0 07 032,
 0 02 002,
 0 11 001,
 0 11 002,
 0 07 032,
 0 20 003,
 3 02 049,
 0 22 043,
 1 01 000,
 0 31 002,
 3 03 055
3 09 056:
 3 01 150,
 3 01 111,
 3 01 128,
 3 01 113,
 0 08 091,
 3 01 021,
 0 07 007,
 0 08 091,
 1 01 000,
 0 31 002,
 3 03 056,
 1 01 000,
 0 31 001,
 3 03 051
3 09 057:
 3 01 150,
 3 01 111,
 3 01 128,
 3 01 113,
 3 01 114,
 3 02 049,
 0 22 043,
 1 01 000,
 0 31 002,
 3 03 056,
 1 01 000,
 0 31 001,
 3 03 051
3 09 060:
 3 01 123,
 3 01 121,
 3 02 050,
 3 03 040
3 09 061:
 3 01 120,
 0 08 041,
 3 01 122,
 2 01 131,
 2 02 129,
 0 25 069,
 0 07 004,
 2 02 000,
 2 01 000,
 0 33 007,
 0 33 035,
 0 33 015,
 0 13 009,
 0 33 007,
 0 33 035,
 0 33 015,
 0 02 013,
 0 12 101,
 0 33 007,
 0 33 035,
 0 33 015
3 09 062:
 3 01 120,
 0 08 041,
 3 01 122,
 0 05 001,
 0 33 035,
 0 33 015,
 0 06 001,
 0 33 035,
 0 33 015,
 0 07 007,
 0 33 035,
 0 33 015,
 0 11 003,
 0 33 035,
 0 33 015,
 0 11 004,
 0 33 035,
 0 33 015,
 0 33 007
3 09 063:
 3 01 120,
 0 08 041,
 3 01 122,
 0 05 001,
 0 33 035,
 0 33 015,
 0 06 001,
 0 33 035,
 0 33 015,
 0 07 007,
 0 33 035,
 0 33 015,
 0 11 003,
 0 33 035,
 0 33 015,
 0 11 004,
 0 33 035,
 0 33 015,
 0 33 007
3 09 064:
 3 01 120,
 0 08 041,
 3 01 122,
 2 01 131,
 2 02 129,
 1 04 002,
 0 25 069,
 0 07 004,
 0 33 035,
 0 33 015,
 0 13 003,
 0 33 035,
 0 33 015,
 2 02 000,
 2 01 000,
 1 04 002,
 0 02 013,
 0 12 101,
 0 33 035,
 0 33 015,
 0 12 103,
 0 33 035,
 0 33 015,
 0 10 009,
 0 33 035,
 0 33 015
3 09 065:
 3 01 120,
 0 08 041,
 3 01 122,
 0 05 001,
 0 33 035,
 0 33 015,
 0 06 001,
 0 33 035,
 0 33 015,
 0 07 007,
 0 33 035,
 0 33 015,
 0 11 003,
 0 33 035,
 0 33 015,
 0 11 004,
 0 33 035,
 0 33 015
3 09 066:
 3 01 120,
 0 08 041,
 3 01 122,
 0 08 040,
 2 01 131,
 2 02 129,
 0 25 069,
 0 07 004,
 0 13 003,
 2 02 000,
 2 01 000,
 0 02 013,
 0 12 101,
 0 12 103,
 0 10 009,
 0 10 007,
 0 11 002,
 0 11 001
3 09 070:
 0 01 035,
 0 01 032,
 0 01 015,
 0 01 063,
 3 01 001,
 3 01 011,
 3 01 012,
 3 01 021,
 2 07 001,
 0 10 001,
 2 07 000,
 0 08 086,
 0 07 030,
 0 25 031,
 0 08 021,
 0 04 014,
 0 10 004,
 0 10 051,
 0 10 009,
 0 20 010,
 0 13 095,
 1 28 000,
 0 31 002,
 1 13 000,
 0 31 000,
 0 08 086,
 0 07 004,
 0 11 001,
 0 11 002,
 0 12 101,
 0 12 102,
 0 12 103,
 0 10 009,
 1 03 000,
 0 31 000,
 0 11 021,
 0 11 022,
 0 11 005,
 1 04 000,
 0 31 000,
 0 08 086,
 0 07 006,
 0 11 001,
 0 11 002,
 1 05 000,
 0 31 000,
 0 08 086,
 0 07 006,
 0 12 101,
 0 12 102,
 0 12 103
3 09 071:
 3 01 001,
 0 02 014,
 0 02 003,
 3 01 113,
 3 01 114,
 3 01 023,
 0 07 030,
 0 07 007,
 1 03 000,
 0 31 001,
 0 07 009,
 0 11 001,
 0 11 002
3 10 001:
 3 01 042,
 3 03 031,
 3 03 032,
 1 01 026,
 3 03 025
3 10 002:
 3 01 042,
 3 03 031,
 3 03 032,
 1 01 009,
 3 03 023
3 10 003:
 3 01 042,
 3 03 031,
 3 03 032,
 1 01 006,
 3 03 023
3 10 004:
 3 01 042,
 3 03 031,
 3 03 032,
 1 01 003,
 3 03 024
3 10 005:
 3 01 042,
 3 03 031,
 3 03 033,
 1 01 000,
 0 31 001,
 3 03 025
3 10 006:
 3 01 042,
 3 03 031,
 3 03 033,
 1 01 000,
 0 31 001,
 3 03 023
3 10 007:
 3 01 042,
 3 03 031,
 3 03 033,
 1 01 000,
 0 31 001,
 3 03 024
3 10 008:
 3 10 011,
 1 01 019,
 3 10 012,
 0 02 150,
 0 25 079,
 0 25 080,
 0 33 032,
 0 14 045
3 10 009:
 3 10 011,
 1 01 015,
 3 10 012
3 10 010:
 3 10 011,
 1 01 005,
 3 10 012
3 10 011:
 0 08 070,
 0 01 033,
 0 01 034,
 0 08 070,
 0 01 033,
 0 01 034,
 0 01 007,
 0 02 048,
 0 05 040,
 0 25 075,
 2 01 133,
 0 05 041,
 2 01 000,
 0 05 043,
 0 25 070,
 0 33 030,
 0 33 031,
 0 04 001,
 0 04 002,
 0 04 003,
 0 04 004,
 0 04 005,
 2 02 131,
 2 01 138,
 0 04 006,
 2 01 000,
 2 02 000,
 0 05 001,
 0 06 001,
 2 02 126,
 0 07 001,
 2 02 000,
 0 07 024,
 0 05 021,
 0 07 025,
 0 05 022,
 0 33 033,
 0 02 151,
 0 12 064,
 0 02 151,
 0 12 064,
 0 02 151,
 0 12 064,
 0 02 151,
 0 12 064
3 10 012:
 0 02 150,
 0 25 076,
 0 25 077,
 0 25 078,
 0 33 032,
 2 01 132,
 2 02 129,
 0 12 063,
 2 02 000,
 2 01 000
3 10 013:
 0 01 007,
 0 05 040,
 0 04 001,
 0 04 002,
 0 04 003,
 0 04 004,
 0 04 005,
 0 04 006,
 0 05 001,
 0 06 001,
 0 07 025,
 0 05 043,
 0 25 085,
 2 01 131,
 2 02 129,
 0 02 150,
 0 08 023,
 0 08 072,
 0 14 027,
 0 08 072,
 0 14 027,
 0 02 150,
 0 08 023,
 0 08 072,
 0 14 027,
 0 08 072,
 0 14 027,
 0 02 150,
 0 08 023,
 0 08 072,
 0 14 027,
 0 08 072,
 0 14 027,
 2 02 000,
 2 01 000,
 2 01 132,
 2 02 129,
 0 02 150,
 0 08 023,
 0 08 072,
 0 12 063,
 0 08 072,
 0 12 063,
 0 02 150,
 0 08 023,
 0 08 072,
 0 12 063,
 0 08 072,
 0 12 063,
 0 08 023,
 0 08 072,
 0 12 063,
 0 08 072,
 0 12 063,
 0 02 150,
 0 08 023,
 0 08 072,
 0 12 063,
 0 08 072,
 0 12 063,
 2 02 000,
 2 01 000
3 10 014:
 3 01 072,
 3 03 041,
 3 04 011
3 10 015:
 3 01 072,
 0 07 024,
 0 10 002,
 3 03 041,
 1 01 003,
 3 04 032,
 0 02 152,
 0 02 024,
 0 07 004,
 0 07 004,
 0 13 003,
 1 01 003,
 3 04 033
3 10 016:
 3 01 072,
 0 07 024,
 0 10 002,
 3 03 041,
 1 01 012,
 3 04 032,
 0 02 152,
 0 02 024,
 0 07 004,
 0 07 004,
 0 13 003,
 1 01 012,
 3 04 033
3 10 018:
 0 01 007,
 0 05 040,
 0 04 001,
 0 04 043,
 0 04 004,
 0 04 005,
 0 04 006,
 2 07 002,
 0 26 030,
 2 07 000,
 0 05 002,
 0 06 002,
 0 33 072,
 0 07 025,
 0 05 022,
 2 07 002,
 0 15 001,
 2 07 000,
 0 08 003,
 2 07 001,
 0 10 004,
 2 07 000,
 0 08 003,
 0 08 003,
 0 33 042,
 2 07 001,
 0 07 004,
 2 07 000,
 2 07 002,
 0 15 001,
 2 07 000,
 0 08 003,
 2 07 002,
 0 20 081,
 2 07 000,
 0 20 065,
 0 08 029,
 2 07 004,
 0 15 030,
 2 07 000,
 0 08 075
3 10 019:
 0 01 007,
 0 02 019,
 3 01 011,
 3 01 013,
 3 01 023,
 0 07 025,
 0 08 021,
 0 07 025,
 0 08 021,
 0 07 025,
 0 08 021,
 0 08 029,
 0 05 040,
 0 08 075,
 0 08 003,
 0 10 004,
 0 08 003,
 2 07 002,
 0 15 001,
 2 07 000,
 0 33 070,
 0 15 030,
 2 07 002,
 0 20 081,
 2 07 000,
 0 08 003,
 0 33 042,
 0 07 004,
 2 07 002,
 0 15 001,
 2 07 000,
 0 08 003,
 1 13 021,
 0 07 004,
 0 07 004,
 2 07 002,
 0 08 021,
 0 15 005,
 0 08 021,
 0 15 005,
 0 33 007,
 2 07 000,
 0 08 026,
 1 01 020,
 0 25 143,
 0 08 026,
 0 08 043,
 1 09 015,
 0 07 004,
 0 08 090,
 2 07 006,
 0 15 008,
 2 07 000,
 0 08 090,
 2 07 002,
 0 33 007,
 2 07 000,
 0 08 043,
 0 33 071,
 1 08 008,
 2 02 124,
 2 01 107,
 0 02 071,
 2 01 000,
 2 02 000,
 2 07 002,
 0 20 081,
 2 07 000
3 10 020:
 3 10 022,
 3 01 011,
 3 01 013,
 3 01 021,
 3 04 034,
 3 10 021
3 10 021:
 1 08 000,
 0 31 001,
 2 01 131,
 2 02 129,
 0 07 004,
 0 07 004,
 2 02 000,
 2 01 000,
 0 15 020,
 0 10 002
3 10 022:
 0 01 007,
 0 02 019,
 0 01 033,
 0 02 172
3 10 023:
 3 01 072,
 0 30 021,
 0 30 022,
 0 08 012,
 0 07 024,
 0 07 025,
 0 10 002,
 1 01 012,
 3 04 032,
 1 05 002,
 0 02 152,
 0 02 024,
 0 07 004,
 0 07 004,
 0 13 003,
 1 01 012,
 3 04 033
3 10 024:
 3 01 072,
 0 30 021,
 0 30 022,
 0 08 012,
 0 07 024,
 0 07 025,
 0 10 002,
 1 01 003,
 3 04 032,
 1 05 002,
 0 02 152,
 0 02 024,
 0 07 004,
 0 07 004,
 0 13 003,
 1 01 003,
 3 04 033
3 10 025:
 0 01 007,
 0 08 021,
 0 04 001,
 0 04 002,
 0 04 003,
 0 04 004,
 0 04 005,
 2 01 138,
 2 02 131,
 0 04 006,
 2 02 000,
 2 01 000,
 2 01 132,
 0 05 041,
 2 01 000,
 2 01 129,
 0 05 043,
 2 01 000,
 0 05 002,
 0 06 002,
 0 13 040,
 0 20 029,
 1 04 024,
 0 05 042,
 0 12 163,
 0 21 083,
 0 21 084,
 1 15 003,
 0 04 001,
 0 04 002,
 0 04 003,
 2 01 142,
 2 02 131,
 0 04 026,
 2 02 000,
 2 01 000,
 0 05 001,
 0 06 001,
 2 01 138,
 2 02 129,
 0 07 001,
 2 02 000,
 2 01 000,
 0 08 021,
 0 04 001,
 0 04 002,
 0 04 003,
 0 04 004,
 0 04 005,
 0 05 040,
 1 01 003,
 0 12 070,
 0 25 054,
 1 01 004,
 0 25 055,
 0 08 007,
 1 04 028,
 0 05 002,
 0 06 002,
 0 02 111,
 0 05 021
3 10 026:
 3 10 022,
 0 25 060,
 0 08 021,
 3 01 011,
 3 01 012,
 2 01 138,
 2 02 131,
 0 04 006,
 2 02 000,
 2 01 000,
 0 33 039,
 0 33 007,
 3 04 030,
 3 04 031,
 0 02 020,
 0 01 050,
 2 02 127,
 3 04 030,
 2 02 000,
 3 04 031,
 2 01 133,
 2 02 131,
 0 04 016,
 2 02 000,
 2 01 000,
 3 01 021,
 3 04 030,
 0 10 035,
 0 05 021,
 0 10 036,
 1 13 000,
 0 31 002,
 3 01 021,
 0 05 021,
 1 08 000,
 0 31 001,
 0 02 121,
 0 07 040,
 0 15 037,
 0 08 023,
 2 01 125,
 0 15 037,
 2 01 000,
 0 08 023,
 0 33 007,
 1 08 000,
 0 31 002,
 0 07 007,
 0 15 036,
 0 08 023,
 2 01 123,
 0 15 036,
 2 01 000,
 0 08 023,
 0 33 007,
 1 16 000,
 0 31 002,
 0 07 009,
 0 10 004,
 0 12 001,
 0 13 001,
 0 08 023,
 2 01 120,
 0 10 004,
 2 01 000,
 2 01 122,
 0 12 001,
 2 01 000,
 2 01 123,
 0 13 001,
 2 01 000,
 0 08 023,
 0 33 007,
 0 08 003,
 0 07 009,
 0 10 004,
 0 08 023,
 2 01 120,
 0 10 004,
 2 01 000,
 0 08 023,
 0 33 007
3 10 027:
 3 01 071,
 3 01 011,
 3 01 013,
 3 01 021,
 0 30 021,
 0 30 022,
 0 10 002,
 3 04 036,
 0 02 152,
 0 02 167,
 1 01 011,
 3 04 035
3 10 028:
 3 01 071,
 3 01 011,
 3 01 013,
 3 01 021,
 0 30 021,
 0 30 022,
 0 10 002,
 3 04 036,
 0 02 152,
 0 02 167,
 1 01 011,
 3 04 037
3 10 029:
 1 10 000,
 0 31 001,
 2 01 138,
 2 02 130,
 0 07 004,
 0 07 004,
 2 02 000,
 2 01 000,
 0 15 020,
 0 10 002,
 0 12 101,
 0 13 098
3 10 030:
 3 10 022,
 3 01 011,
 3 01 013,
 3 01 021,
 3 04 034,
 3 10 029
3 10 050:
 3 10 051,
 3 10 052,
 1 01 000,
 0 31 002,
 3 10 053,
 1 01 004,
 3 10 054,
 0 20 010,
 3 10 052,
 1 01 015,
 3 10 053,
 3 10 052,
 1 01 005,
 3 10 053
3 10 051:
 0 01 007,
 0 05 040,
 2 01 133,
 0 05 041,
 2 01 000,
 2 01 132,
 0 25 070,
 2 01 000,
 2 02 126,
 0 07 001,
 2 02 000,
 0 07 025,
 0 05 022,
 1 02 009,
 0 02 151,
 0 12 064
3 10 052:
 0 02 019,
 3 01 011,
 3 01 012,
 2 02 131,
 2 01 138,
 0 04 006,
 2 01 000,
 2 02 000,
 3 01 021,
 0 07 024,
 0 05 021,
 0 05 043
3 10 053:
 2 01 134,
 0 05 042,
 2 01 000,
 0 25 076,
 0 33 032,
 0 12 163
3 10 054:
 2 01 134,
 0 05 042,
 2 01 000,
 0 25 076,
 0 33 032,
 2 01 131,
 2 02 129,
 1 02 002,
 0 08 023,
 0 14 027,
 0 08 023,
 2 02 000,
 2 01 000
3 10 055:
 3 10 051,
 3 10 052,
 1 02 020,
 0 25 076,
 0 25 052,
 1 01 000,
 0 31 002,
 0 25 050
3 10 060:
 0 01 007,
 0 01 033,
 0 02 019,
 0 02 020,
 3 01 011,
 3 01 012,
 2 07 003,
 0 04 006,
 2 07 000,
 3 04 030,
 3 01 021,
 0 07 024,
 0 05 021,
 0 07 025,
 0 05 022,
 0 08 075,
 2 01 133,
 0 05 041,
 2 01 000,
 0 05 045,
 0 05 043,
 0 05 040,
 0 10 001,
 2 01 129,
 0 07 002,
 2 01 000,
 2 02 127,
 2 01 125,
 0 21 166,
 2 01 000,
 2 02 000,
 0 08 012,
 0 20 010,
 0 20 014,
 0 02 165,
 0 33 075,
 1 07 003,
 0 08 076,
 0 06 029,
 0 06 029,
 0 25 140,
 0 25 141,
 0 33 076,
 0 33 077,
 0 08 076,
 0 33 078,
 0 33 003,
 1 04 000,
 0 31 002,
 2 01 133,
 0 05 042,
 2 01 000,
 0 14 044
3 10 061:
 0 01 007,
 0 01 033,
 0 01 034,
 0 02 019,
 0 02 020,
 3 01 011,
 3 01 012,
 2 07 003,
 0 04 006,
 2 07 000,
 0 05 040,
 0 05 041,
 0 05 043,
 0 33 079,
 0 33 080,
 0 33 078,
 3 01 021,
 2 01 129,
 0 07 002,
 2 01 000,
 0 07 024,
 0 05 021,
 0 07 025,
 0 05 022,
 0 25 075,
 1 11 000,
 0 31 002,
 0 05 042,
 2 02 131,
 0 02 153,
 0 02 154,
 2 02 000,
 0 02 104,
 0 12 066,
 0 12 163,
 0 12 158,
 0 12 159,
 0 33 081
3 10 062:
 0 01 007,
 0 01 033,
 0 01 034,
 0 02 019,
 0 02 020,
 3 01 011,
 3 01 012,
 2 07 003,
 0 04 006,
 2 07 000,
 0 05 040,
 2 01 133,
 0 05 041,
 0 05 043,
 2 01 000,
 0 08 076,
 0 33 082,
 3 01 021,
 2 01 129,
 0 07 002,
 2 01 000,
 0 07 024,
 0 05 021,
 0 07 025,
 0 05 022,
 0 08 072,
 0 08 029,
 1 05 000,
 0 31 002,
 0 05 042,
 0 02 155,
 0 33 083,
 0 14 043,
 0 15 042
3 10 063:
 0 01 007,
 0 01 033,
 0 01 034,
 0 02 019,
 0 02 020,
 3 01 011,
 3 01 012,
 2 07 003,
 0 04 006,
 2 07 000,
 0 05 040,
 2 01 133,
 0 05 041,
 0 05 043,
 2 01 000,
 0 33 082,
 3 01 021,
 2 01 129,
 0 07 002,
 2 01 000,
 0 07 024,
 0 05 021,
 0 07 025,
 0 05 022,
 0 08 075,
 0 08 013,
 0 08 072,
 0 33 084,
 0 07 062,
 0 33 086,
 0 22 043,
 0 07 062,
 0 07 062,
 0 33 086,
 0 22 043
3 10 064:
 0 01 007,
 0 01 033,
 0 01 034,
 0 02 019,
 0 02 020,
 3 01 011,
 3 01 012,
 2 07 003,
 0 04 006,
 2 07 000,
 0 05 040,
 2 01 133,
 0 05 041,
 0 05 043,
 2 01 000,
 0 33 082,
 3 01 021,
 2 01 129,
 0 07 002,
 2 01 000,
 0 07 024,
 0 05 021,
 0 07 025,
 0 05 022,
 0 08 075,
 0 08 029,
 0 08 046,
 0 33 085,
 0 33 086,
 0 15 049,
 0 33 086,
 1 02 011,
 0 02 155,
 0 15 062
3 10 065:
 0 01 007,
 0 01 033,
 0 01 034,
 0 02 019,
 0 02 020,
 3 01 011,
 3 01 012,
 2 07 003,
 0 04 006,
 2 07 000,
 0 05 040,
 0 33 082,
 3 01 021,
 2 01 129,
 0 07 002,
 2 01 000,
 0 07 024,
 0 05 021,
 0 07 025,
 0 05 022,
 0 08 075,
 0 33 071,
 0 33 070,
 0 20 021,
 0 15 045,
 0 15 046,
 0 08 065,
 0 33 087,
 0 08 003,
 0 10 004,
 0 08 003,
 2 07 002,
 0 15 001,
 2 07 000,
 1 05 012,
 0 10 040,
 0 10 004,
 2 07 003,
 0 15 005,
 2 07 000,
 0 08 046,
 1 07 019,
 0 10 040,
 0 10 004,
 0 08 090,
 2 07 006,
 0 15 008,
 2 07 000,
 0 08 090
3 10 066:
 0 01 007,
 0 01 033,
 0 01 034,
 0 02 019,
 0 02 020,
 3 01 011,
 3 01 012,
 2 07 003,
 0 04 006,
 2 07 000,
 0 05 040,
 0 33 082,
 3 01 021,
 2 01 129,
 0 07 002,
 2 01 000,
 0 07 024,
 0 05 021,
 0 07 025,
 0 05 022,
 0 08 075,
 0 20 081,
 2 07 004,
 0 15 030,
 2 07 000,
 0 20 065,
 0 15 041,
 0 33 086,
 0 33 087,
 0 33 088,
 0 08 003,
 2 07 001,
 0 07 004,
 2 07 000,
 0 08 003,
 2 07 002,
 0 15 001,
 2 07 000,
 0 08 003,
 0 33 042,
 2 07 001,
 0 07 004,
 2 07 000,
 2 07 002,
 0 15 001,
 2 07 000,
 0 08 003,
 0 01 032,
 2 07 002,
 0 15 001,
 2 07 000
3 10 067:
 0 01 033,
 0 01 034,
 0 25 061,
 0 25 062,
 0 01 007,
 0 02 153,
 0 01 012,
 2 01 138,
 0 02 026,
 0 02 027,
 2 01 000,
 0 02 028,
 0 02 029,
 0 02 161,
 0 02 164,
 0 02 023,
 0 08 012,
 0 08 013,
 0 01 124,
 0 05 001,
 0 06 001,
 0 04 001,
 0 04 002,
 0 04 003,
 0 04 004,
 0 04 005,
 0 04 006,
 0 04 086,
 0 11 001,
 0 11 002,
 0 11 003,
 0 11 004,
 0 02 162,
 0 07 004,
 0 12 001,
 0 20 014,
 0 07 024,
 0 01 023,
 1 04 000,
 0 31 001,
 0 02 162,
 0 07 004,
 0 12 001,
 0 20 014,
 1 13 000,
 0 31 001,
 0 04 086,
 0 02 020,
 0 01 007,
 0 02 019,
 0 05 042,
 0 02 153,
 0 05 040,
 0 07 024,
 0 05 021,
 0 02 162,
 0 07 004,
 0 12 001,
 0 20 014,
 1 19 000,
 0 31 001,
 0 04 086,
 0 04 086,
 0 05 001,
 0 06 001,
 0 11 003,
 0 11 004,
 0 11 113,
 0 25 148,
 1 03 000,
 0 31 001,
 0 08 023,
 0 11 003,
 0 11 004,
 0 08 023,
 1 03 000,
 0 31 001,
 0 20 111,
 0 20 112,
 0 20 114,
 0 01 033,
 0 08 021,
 0 11 095,
 0 11 096,
 0 07 004,
 0 08 021,
 0 11 095,
 0 11 096,
 0 07 004,
 0 08 021,
 0 08 086,
 0 11 095,
 0 11 096,
 0 07 004,
 0 08 086,
 1 02 004,
 0 01 032,
 0 33 007,
 0 08 092,
 0 11 003,
 0 11 004,
 0 07 004,
 0 08 092,
 0 33 066,
 0 20 081,
 0 20 012,
 0 20 056,
 1 17 000,
 0 31 001,
 0 08 023,
 0 20 016,
 0 08 092,
 0 08 003,
 0 12 001,
 0 08 003,
 0 20 016,
 0 08 092,
 0 25 149,
 0 20 016,
 0 20 014,
 0 13 093,
 0 13 109,
 0 40 038,
 0 08 011,
 0 14 050,
 0 08 011,
 0 08 023
3 10 068:
 0 08 070,
 0 01 033,
 0 01 034,
 0 01 007,
 0 02 019,
 0 12 064,
 0 05 040,
 2 01 136,
 0 05 041,
 2 01 000,
 0 05 043,
 3 01 011,
 3 01 012,
 2 01 138,
 2 02 131,
 0 04 006,
 2 02 000,
 2 01 000,
 0 05 001,
 0 06 001,
 2 02 126,
 0 07 001,
 2 02 000,
 0 10 007,
 0 07 024,
 0 05 021,
 0 07 025,
 0 05 022,
 0 13 040,
 0 12 101,
 2 01 131,
 2 02 129,
 0 11 011,
 2 02 000,
 2 01 000,
 2 01 130,
 2 02 129,
 0 11 012,
 2 02 000,
 2 01 000,
 0 20 029,
 0 20 010,
 0 20 014,
 0 13 162,
 0 14 050
3 10 069:
 0 05 042,
 2 01 139,
 0 02 155,
 2 01 000,
 0 25 077,
 0 25 078,
 0 33 007,
 2 01 132,
 2 02 129,
 0 12 063,
 2 02 000,
 2 01 000
3 10 070:
 3 10 068,
 1 01 013,
 3 10 069
3 10 071:
 3 10 068,
 1 01 015,
 3 10 069
3 10 072:
 3 10 068,
 1 01 026,
 3 10 069
3 10 077:
 0 01 033,
 0 01 034,
 0 25 061,
 0 25 062,
 0 01 007,
 0 02 153,
 0 01 012,
 2 01 138,
 0 02 026,
 0 02 027,
 2 01 000,
 0 02 028,
 0 02 029,
 0 02 161,
 0 02 164,
 0 02 023,
 0 08 012,
 0 08 013,
 0 01 124,
 0 05 001,
 0 06 001,
 0 04 001,
 0 04 002,
 0 04 003,
 0 04 004,
 0 04 005,
 0 04 006,
 0 04 086,
 0 02 162,
 0 07 004,
 0 11 001,
 0 11 002,
 0 11 003,
 0 11 004,
 0 12 001,
 0 20 014,
 0 07 024,
 0 01 023,
 1 04 000,
 0 31 001,
 0 02 162,
 0 07 004,
 0 12 001,
 0 20 014,
 1 13 000,
 0 31 001,
 0 04 086,
 0 02 020,
 0 01 007,
 0 02 019,
 0 05 042,
 0 02 153,
 0 05 040,
 0 07 024,
 0 05 021,
 0 02 162,
 0 07 004,
 0 12 001,
 0 20 014,
 1 19 000,
 0 31 001,
 0 04 086,
 0 04 086,
 0 05 001,
 0 06 001,
 0 11 003,
 0 11 004,
 0 11 113,
 0 25 148,
 1 03 000,
 0 31 001,
 0 08 023,
 0 11 003,
 0 11 004,
 0 08 023,
 1 03 000,
 0 31 001,
 0 20 111,
 0 20 112,
 0 20 114,
 0 01 033,
 0 08 021,
 0 07 004,
 0 11 095,
 0 11 096,
 0 08 021,
 0 07 004,
 0 11 095,
 0 11 096,
 0 08 021,
 0 08 086,
 0 07 004,
 0 11 095,
 0 11 096,
 0 08 086,
 1 02 004,
 0 01 044,
 0 33 007,
 0 08 092,
 0 07 004,
 0 11 003,
 0 11 004,
 0 08 092,
 0 33 066,
 0 20 081,
 0 20 012,
 0 20 056,
 1 17 000,
 0 31 001,
 0 08 023,
 0 20 016,
 0 08 092,
 0 08 003,
 0 12 001,
 0 08 003,
 0 20 016,
 0 08 092,
 0 25 149,
 0 20 016,
 0 20 014,
 0 13 093,
 0 13 109,
 0 40 038,
 0 08 011,
 0 14 050,
 0 08 011,
 0 08 023
3 11 001:
 3 01 051,
 0 07 002,
 0 12 001,
 0 11 001,
 0 11 002,
 0 11 031,
 0 11 032,
 0 11 033,
 0 20 041
3 11 002:
 3 01 065,
 3 01 066,
 3 11 003,
 3 11 004
3 11 003:
 0 10 070,
 0 11 001,
 0 11 002,
 0 12 001,
 0 13 002
3 11 004:
 1 01 000,
 0 31 000,
 0 11 034,
 1 01 000,
 0 31 000,
 0 11 035,
 1 01 000,
 0 31 000,
 0 11 075,
 1 01 000,
 0 31 000,
 0 11 076,
 1 01 000,
 0 31 000,
 0 33 025,
 1 01 000,
 0 31 000,
 0 33 026
3 11 005:
 0 01 008,
 0 01 023,
 3 01 021,
 3 01 011,
 3 01 013,
 0 07 010,
 0 08 009,
 0 11 001,
 0 11 002,
 0 11 031,
 0 11 036,
 0 12 101,
 0 33 025
3 11 006:
 0 07 010,
 0 11 001,
 0 11 002,
 0 02 064,
 0 12 101,
 0 12 103
3 11 007:
 0 07 010,
 3 01 021,
 0 11 001,
 0 11 002,
 0 02 064,
 0 12 101,
 0 12 103
3 11 008:
 0 01 008,
 3 01 011,
 3 01 013,
 3 01 021,
 0 08 004,
 1 01 000,
 0 31 001,
 3 11 006
3 11 009:
 0 01 008,
 3 01 011,
 3 01 013,
 3 01 021,
 0 08 004,
 1 01 000,
 0 31 001,
 3 11 007
3 11 010:
 0 01 008,
 0 01 023,
 0 01 006,
 0 01 110,
 0 01 111,
 0 01 112,
 2 04 002,
 0 31 021,
 3 01 011,
 3 01 013,
 3 01 021,
 0 07 010,
 0 10 053,
 0 08 009,
 0 11 001,
 0 11 002,
 0 02 064,
 0 11 100,
 0 11 101,
 0 11 102,
 0 11 103,
 0 11 104,
 0 12 101,
 0 02 170,
 2 01 144,
 2 02 133,
 0 13 002,
 2 02 000,
 2 01 000,
 2 01 135,
 2 02 130,
 0 13 003,
 2 02 000,
 2 01 000,
 1 01 000,
 0 31 000,
 0 12 103,
 0 33 026,
 1 01 000,
 0 31 000,
 0 20 042,
 1 03 000,
 0 31 000,
 0 20 043,
 0 20 044,
 0 20 045,
 1 01 000,
 0 31 000,
 0 33 025,
 1 03 000,
 0 31 001,
 0 11 075,
 0 11 076,
 0 11 039,
 1 02 000,
 0 31 000,
 0 11 037,
 0 11 077,
 1 03 000,
 0 31 000,
 0 11 034,
 0 11 035,
 0 11 036,
 2 04 000,
 1 19 000,
 0 31 001,
 3 01 011,
 3 01 013,
 3 01 021,
 0 07 007,
 0 11 105,
 2 04 007,
 0 31 021,
 0 11 076,
 0 11 075,
 2 04 000,
 0 11 106,
 0 11 107,
 0 11 108,
 0 11 109,
 0 12 101,
 0 11 001,
 2 01 130,
 0 11 084,
 2 01 000
3 11 011:
 0 01 023,
 0 08 004,
 3 01 011,
 3 01 013,
 0 05 002,
 0 06 002,
 0 07 004,
 0 11 001,
 0 11 002,
 0 12 101,
 1 06 000,
 0 31 001,
 0 08 046,
 2 01 139,
 2 02 126,
 0 15 026,
 2 02 000,
 2 01 000,
 1 06 000,
 0 31 001,
 0 08 046,
 2 01 138,
 2 02 130,
 0 15 026,
 2 02 000,
 2 01 000,
 0 15 052,
 0 15 053,
 0 15 054,
 0 15 055,
 0 07 004,
 0 07 004,
 0 13 099,
 0 13 100,
 0 13 101
3 11 012:
 3 01 150,
 0 01 008,
 0 01 111,
 0 01 112,
 3 01 011,
 3 01 013,
 3 01 021,
 0 08 004,
 1 10 000,
 0 31 002,
 3 01 011,
 3 01 013,
 3 11 007,
 2 01 144,
 2 02 133,
 0 13 002,
 2 02 000,
 2 01 000,
 0 13 003,
 0 33 026
3 12 001:
 3 01 043,
 3 04 001
3 12 002:
 3 01 043,
 3 04 002
3 12 003:
 3 01 042,
 3 04 003
3 12 004:
 3 01 042,
 3 04 004
3 12 005:
 3 01 042,
 0 20 014
3 12 006:
 3 01 044,
 3 04 005
3 12 007:
 3 01 042,
 3 04 006
3 12 010:
 0 01 007,
 0 05 040,
 0 02 021,
 0 05 041,
 0 04 001,
 0 04 043
3 12 011:
 2 02 131,
 2 01 149,
 0 04 006,
 2 01 000,
 2 02 126,
 0 10 002,
 2 02 000,
 0 05 043,
 0 05 053
3 12 012:
 2 02 129,
 2 01 132,
 1 01 019,
 0 12 063,
 2 01 000,
 2 02 000
3 12 013:
 0 05 042,
 2 02 129,
 2 01 135,
 0 12 063,
 2 01 000,
 2 02 000
3 12 014:
 3 12 010,
 3 12 011,
 1 05 056,
 3 01 023,
 0 05 042,
 0 05 052,
 3 12 012,
 3 12 013
3 12 015:
 1 09 011,
 3 01 023,
 0 05 042,
 0 05 052,
 2 02 129,
 2 01 132,
 1 01 004,
 0 12 063,
 2 02 000,
 2 01 000
3 12 016:
 3 12 010,
 3 12 011,
 3 12 015
3 12 017:
 1 09 008,
 3 01 023,
 0 05 042,
 0 05 052,
 2 02 129,
 2 01 132,
 1 01 003,
 0 12 063,
 2 02 000,
 2 01 000
3 12 018:
 3 12 010,
 3 12 011,
 3 12 017
3 12 019:
 3 01 047,
 3 01 048,
 0 15 015,
 0 29 002,
 0 21 076,
 1 06 012,
 2 01 129,
 0 06 030,
 2 01 000,
 1 02 012,
 0 05 030,
 0 21 075,
 0 21 066
3 12 020:
 3 01 047,
 3 01 048,
 0 15 015,
 0 29 002,
 0 21 076,
 1 04 012,
 0 06 030,
 1 02 012,
 0 05 030,
 0 21 075,
 0 21 066
3 12 021:
 3 01 047,
 1 01 003,
 3 01 049,
 0 11 012,
 0 11 011,
 0 21 067
3 12 022:
 3 01 047,
 0 08 022,
 0 11 012,
 0 11 050,
 0 22 070,
 0 22 026,
 3 12 041,
 0 10 050,
 0 21 068,
 0 21 071,
 0 21 072,
 0 21 073,
 3 12 042,
 0 21 062,
 0 15 011
3 12 023:
 3 01 047,
 1 03 003,
 0 08 022,
 0 12 061,
 0 22 050,
 0 21 069,
 0 21 085
3 12 024:
 3 12 020,
 0 08 060,
 0 08 022,
 0 08 060,
 0 08 022,
 0 25 014,
 0 22 101,
 0 22 097,
 0 22 098,
 0 22 099,
 0 22 100
3 12 025:
 3 12 019,
 0 08 060,
 0 08 022,
 0 08 060,
 0 08 022,
 0 25 014,
 0 22 101,
 0 22 097,
 0 22 098,
 0 22 099,
 0 22 100
3 12 026:
 3 01 046,
 3 01 011,
 3 01 013,
 3 01 023,
 3 12 031,
 1 01 004,
 3 12 030,
 0 21 110,
 3 01 023,
 3 21 027,
 0 21 111,
 3 01 023,
 3 21 027,
 0 21 112,
 3 01 023,
 3 21 027,
 0 21 113,
 3 01 023,
 3 21 027
3 12 027:
 3 01 047,
 1 05 009,
 3 01 023,
 0 07 021,
 0 12 061,
 0 07 021,
 0 12 061,
 0 21 085,
 0 21 070
3 12 028:
 3 01 046,
 3 01 011,
 3 01 013,
 3 01 023,
 0 08 025,
 2 01 136,
 0 04 006,
 2 01 000,
 3 12 031,
 3 12 032,
 1 01 004,
 3 12 030,
 1 01 002,
 3 12 033,
 0 21 110,
 3 01 023,
 3 21 028,
 0 21 111,
 3 01 023,
 3 21 028,
 0 21 112,
 3 01 023,
 3 21 028,
 0 21 113,
 3 01 023,
 3 21 028
3 12 029:
 3 01 046,
 3 01 011,
 3 01 013,
 3 01 023,
 0 08 025,
 2 01 136,
 0 04 006,
 2 01 000,
 0 05 034,
 2 01 129,
 0 06 034,
 2 01 000,
 0 33 055,
 0 11 081,
 0 11 082,
 0 21 101,
 0 21 102,
 0 21 103,
 3 12 032,
 1 01 004,
 3 12 030,
 1 01 002,
 3 12 033,
 0 21 110,
 3 01 023,
 3 21 028,
 0 21 111,
 3 01 023,
 3 21 028,
 0 21 112,
 3 01 023,
 3 21 028,
 0 21 113,
 3 01 023,
 3 21 028
3 12 030:
 2 01 130,
 2 02 129,
 0 11 012,
 2 02 000,
 2 01 000,
 0 11 052,
 2 01 135,
 2 02 130,
 0 11 011,
 2 02 000,
 2 01 000,
 0 11 053,
 0 21 104
3 12 031:
 0 05 034,
 0 06 034,
 0 21 109,
 0 11 081,
 0 11 082,
 0 21 101,
 0 21 102,
 0 21 103
3 12 032:
 0 21 120,
 0 21 121,
 0 13 055,
 0 21 122
3 12 033:
 0 02 104,
 0 08 022,
 0 12 063,
 0 12 065
3 12 034:
 3 01 046,
 3 01 011,
 3 01 013,
 3 01 023,
 0 08 025,
 2 01 136,
 0 04 006,
 2 01 000,
 3 12 031,
 3 12 032,
 1 01 004,
 3 12 030,
 1 01 002,
 3 12 033,
 1 03 018,
 0 21 110,
 3 01 023,
 3 21 028
3 12 035:
 0 01 007,
 0 01 031,
 0 02 048,
 2 02 124,
 0 02 026,
 0 02 027,
 2 02 000,
 0 05 040,
 0 04 001,
 0 04 002,
 0 04 003,
 0 04 004,
 0 04 005,
 0 04 006,
 0 05 002,
 0 06 002,
 0 05 034,
 0 06 031,
 2 01 129,
 0 06 034,
 2 01 000,
 0 05 021,
 0 02 111,
 0 12 063,
 0 21 095,
 0 21 096,
 0 21 097,
 0 21 030,
 0 21 105,
 0 33 056
3 12 041:
 2 01 141,
 2 02 130,
 0 07 001,
 2 01 000,
 2 02 000
3 12 042:
 0 21 077,
 0 21 078,
 0 21 079,
 0 21 080,
 0 21 081,
 0 21 082
3 12 045:
 0 01 007,
 0 02 019,
 0 01 096,
 0 25 061,
 0 05 040,
 3 01 011,
 3 01 013,
 3 01 021,
 0 07 002,
 0 12 180,
 0 12 181,
 0 12 182,
 0 12 183,
 0 12 184,
 0 12 185,
 0 02 174,
 0 21 086,
 0 12 186,
 0 21 087,
 0 12 187,
 0 33 043
3 12 050:
 0 01 007,
 0 02 019,
 0 01 096,
 0 25 061,
 0 05 040,
 3 01 011,
 3 01 013,
 3 01 021,
 0 07 025,
 0 05 022,
 0 10 080,
 0 27 080,
 0 08 003,
 0 07 004,
 0 13 093,
 0 08 003,
 2 01 131,
 2 02 129,
 0 07 004,
 0 07 004,
 2 02 000,
 2 01 000,
 0 13 095
3 12 051:
 0 01 007,
 0 02 019,
 0 01 096,
 0 25 061,
 0 05 040,
 0 08 075,
 3 01 011,
 3 01 013,
 3 01 021,
 0 01 012,
 2 01 131,
 0 01 013,
 2 01 000,
 0 10 032,
 0 10 033,
 0 10 034,
 0 07 002,
 0 08 012,
 0 25 110,
 0 25 111,
 0 25 102,
 0 02 104,
 0 25 103,
 0 25 104,
 0 25 105,
 0 25 106,
 0 25 107,
 0 25 108,
 0 02 111,
 0 02 121,
 0 02 026,
 0 02 027,
 0 21 130,
 0 21 131,
 0 21 132,
 0 21 133,
 0 21 064,
 0 25 014,
 0 21 134,
 1 07 018,
 0 05 030,
 1 05 024,
 2 01 130,
 0 06 030,
 2 01 000,
 0 21 135,
 0 21 136,
 0 33 044
3 12 052:
 0 01 007,
 0 02 019,
 0 01 096,
 0 25 061,
 0 05 040,
 0 25 120,
 0 25 121,
 0 25 124,
 0 25 125,
 0 25 122,
 0 25 123,
 3 01 011,
 3 01 013,
 3 01 021,
 0 07 002,
 0 02 119,
 0 33 047,
 0 10 081,
 0 10 082,
 0 10 083,
 0 10 084,
 0 02 116,
 0 02 117,
 0 02 118,
 0 02 156,
 0 02 157,
 0 14 055,
 0 22 150,
 0 22 151,
 0 22 152,
 0 22 153,
 0 22 154,
 0 22 155,
 0 22 156,
 0 22 157,
 0 22 158,
 0 22 159,
 0 21 137,
 0 21 138,
 0 21 139,
 0 21 140,
 0 21 141,
 0 21 142,
 0 10 085,
 0 10 086,
 0 10 087,
 0 10 088,
 0 10 089,
 0 10 090,
 0 10 091,
 0 10 092,
 0 10 093,
 0 11 002,
 0 25 126,
 0 25 127,
 0 25 128,
 0 25 129,
 0 25 130,
 0 25 131,
 0 25 132,
 0 25 133,
 0 25 134,
 0 25 135,
 0 25 136,
 0 25 137,
 0 13 096,
 0 13 097,
 0 11 095,
 0 11 096,
 0 12 188,
 0 12 189,
 0 02 158,
 0 02 159,
 0 33 052,
 0 33 053,
 0 21 143,
 0 21 144
3 12 053:
 0 01 007,
 0 02 019,
 0 01 096,
 0 25 061,
 0 05 040,
 0 08 075,
 3 01 011,
 3 01 013,
 3 01 021,
 0 01 012,
 2 01 131,
 0 01 013,
 2 01 000,
 0 10 032,
 0 10 033,
 0 10 034,
 0 07 002,
 0 08 012,
 0 25 110,
 0 25 111,
 0 25 102,
 0 02 104,
 0 25 103,
 0 25 104,
 0 25 105,
 0 25 106,
 0 25 107,
 0 25 108,
 0 11 001,
 0 11 002,
 0 22 160,
 0 25 138,
 2 01 130,
 2 02 129,
 0 22 021,
 2 02 000,
 2 01 000,
 0 33 048,
 0 33 049,
 0 02 026,
 0 02 027,
 0 21 130,
 0 21 131,
 0 21 132,
 0 21 133,
 0 25 014,
 1 06 036,
 0 05 030,
 1 04 024,
 2 01 130,
 0 06 030,
 2 01 000,
 0 22 161,
 0 33 044
3 12 055:
 0 05 033,
 0 05 040,
 0 06 034,
 0 10 095,
 0 21 157
3 12 056:
 0 25 060,
 0 01 032,
 0 11 082,
 0 11 081,
 0 20 095,
 0 20 096,
 0 21 155,
 2 01 133,
 0 21 101,
 0 21 102,
 2 01 000
3 12 057:
 2 01 130,
 2 02 129,
 0 11 012,
 2 02 000,
 2 01 000,
 2 01 131,
 2 02 129,
 0 11 011,
 2 02 000,
 2 01 000,
 0 21 156,
 0 21 104
3 12 058:
 3 01 125,
 3 01 011,
 3 01 013,
 3 01 021,
 3 12 055,
 0 21 150,
 1 01 003,
 3 21 030
3 12 059:
 3 12 056,
 1 01 000,
 0 31 001,
 3 12 057
3 12 060:
 0 25 060,
 0 25 062,
 0 40 001,
 0 40 002,
 0 21 062,
 0 21 151,
 0 21 152,
 0 21 153,
 0 21 154,
 0 21 062,
 0 21 088,
 0 40 003,
 0 40 004,
 0 40 005,
 0 40 006,
 0 40 007,
 0 20 065,
 0 40 008,
 0 40 009,
 0 40 010
3 12 061:
 3 12 058,
 3 12 060,
 3 12 059
3 12 070:
 0 01 007,
 0 02 019,
 0 01 144,
 0 01 124,
 0 30 010,
 3 01 011,
 3 01 013,
 3 01 021,
 0 07 012,
 0 15 012,
 0 12 165,
 0 12 166,
 0 12 167,
 0 12 168,
 0 27 010,
 0 28 010,
 0 02 099,
 0 13 048,
 0 25 081,
 0 25 082,
 0 25 083,
 0 25 084,
 0 12 080,
 0 12 081,
 0 12 082,
 0 25 174,
 0 33 028
3 12 071:
 0 01 007,
 0 02 019,
 0 02 139,
 0 01 096,
 0 01 040,
 0 25 061,
 0 05 040,
 0 05 044,
 0 08 075,
 0 08 077,
 0 04 001,
 0 04 002,
 0 04 003,
 0 04 004,
 0 04 005,
 0 04 006,
 0 05 001,
 0 06 001,
 0 10 081,
 0 22 156,
 0 22 142,
 1 01 020,
 0 22 149,
 0 22 143,
 0 22 144,
 0 21 137,
 1 01 020,
 0 21 181,
 0 21 138,
 0 21 180,
 0 21 177,
 0 21 178,
 0 21 179,
 0 10 079,
 0 10 085,
 0 10 086,
 0 10 087,
 0 10 089,
 0 10 090,
 0 10 091,
 0 10 092,
 0 10 093,
 0 11 097,
 0 21 093,
 1 01 020,
 0 21 182,
 0 33 053,
 0 22 151,
 0 22 145,
 0 22 148,
 0 22 146,
 0 22 147,
 0 25 126,
 0 25 128,
 0 25 127,
 0 21 176,
 0 25 132,
 0 25 133,
 0 25 182,
 0 25 183,
 0 25 180,
 0 25 184,
 0 25 181,
 0 33 080
3 13 009:
 0 21 001,
 1 01 000,
 0 31 001,
 0 21 001
3 13 010:
 0 21 036,
 1 01 000,
 0 31 001,
 0 21 036
3 13 031:
 0 06 002,
 0 06 012,
 1 01 000,
 0 31 002,
 0 30 001
3 13 032:
 0 05 002,
 0 05 012,
 1 01 000,
 0 31 002,
 3 13 031
3 13 041:
 0 06 002,
 1 10 000,
 0 31 001,
 1 04 000,
 0 31 001,
 0 06 012,
 1 01 000,
 0 31 012,
 0 30 001,
 0 06 012,
 1 01 000,
 0 31 001,
 0 30 001
3 13 042:
 0 05 002,
 0 05 012,
 1 01 000,
 0 31 002,
 3 13 041
3 13 043:
 0 06 002,
 0 05 002,
 0 05 012,
 1 12 000,
 0 31 001,
 1 10 000,
 0 31 001,
 1 04 000,
 0 31 001,
 0 06 012,
 1 01 000,
 0 31 011,
 0 30 001,
 0 06 012,
 1 01 000,
 0 31 001,
 0 30 001
3 15 001:
 0 01 011,
 3 01 011,
 3 01 012,
 3 01 023,
 3 06 001
3 15 002:
 0 01 011,
 3 01 011,
 3 01 012,
 3 01 023,
 3 06 004
3 15 003:
 0 01 087,
 0 01 085,
 0 01 086,
 0 02 036,
 0 02 148,
 0 02 149,
 0 22 055,
 0 22 056,
 0 22 067,
 3 01 011,
 3 01 012,
 3 01 021,
 0 08 080,
 0 33 050,
 1 09 000,
 0 31 002,
 0 07 065,
 0 08 080,
 0 33 050,
 0 22 045,
 0 08 080,
 0 33 050,
 0 22 064,
 0 08 080,
 0 33 050
3 15 004:
 0 01 079,
 0 01 011,
 0 01 103,
 0 01 087,
 0 01 019,
 0 01 080,
 0 05 036,
 0 01 036,
 0 01 013,
 0 01 012,
 3 01 011,
 3 01 012,
 3 01 021,
 0 07 032,
 0 07 033,
 0 02 002,
 0 11 002,
 0 11 001,
 0 07 032,
 0 07 033,
 0 12 101,
 0 12 103,
 0 07 032,
 0 07 033,
 3 02 021,
 0 02 031,
 0 02 030,
 0 22 005,
 0 22 032,
 0 22 063,
 0 08 080,
 0 33 050,
 0 22 178,
 0 22 177,
 0 22 067,
 0 08 041,
 0 26 021,
 0 26 022,
 0 26 023,
 0 22 068,
 0 25 061,
 0 08 041,
 0 08 080,
 0 02 171,
 3 02 090,
 0 02 171,
 0 02 032,
 3 15 005
3 15 005:
 1 06 000,
 0 31 002,
 0 07 063,
 0 08 080,
 0 33 050,
 0 22 043,
 0 08 080,
 0 33 050
3 15 007:
 3 01 003,
 0 01 019,
 0 01 103,
 0 01 087,
 0 01 036,
 0 01 115,
 0 01 080,
 0 05 036,
 3 01 011,
 3 01 012,
 3 01 021,
 0 01 079,
 0 01 023,
 0 22 063,
 1 01 000,
 0 31 000,
 3 02 001,
 1 01 000,
 0 31 000,
 3 02 021,
 1 01 000,
 0 31 000,
 3 02 052,
 1 01 000,
 0 31 000,
 3 02 059,
 0 22 067,
 0 02 171,
 3 02 090,
 3 06 033,
 3 06 034,
 0 02 171,
 0 22 067,
 0 02 038,
 0 22 067,
 0 22 068,
 0 02 171,
 0 02 033,
 0 02 032,
 0 22 056,
 0 03 011,
 3 06 035,
 1 07 000,
 0 31 000,
 0 02 032,
 0 03 010,
 0 02 031,
 0 02 040,
 0 22 056,
 0 03 011,
 3 06 036,
 1 04 000,
 0 31 000,
 0 02 032,
 0 03 012,
 0 03 011,
 3 06 037
3 15 008:
 3 01 126,
 3 06 038,
 1 01 000,
 0 31 000,
 3 02 091,
 1 01 000,
 0 31 000,
 3 02 082,
 1 01 000,
 0 31 000,
 3 06 039,
 1 01 000,
 0 31 000,
 3 06 040,
 1 02 000,
 0 31 000,
 0 02 005,
 3 06 041,
 1 02 000,
 0 31 000,
 0 02 005,
 3 06 004,
 1 01 000,
 0 31 000,
 3 06 005
3 15 009:
 0 01 087,
 0 01 019,
 0 02 149,
 0 08 021,
 3 01 011,
 3 01 012,
 3 01 021,
 2 08 016,
 0 01 051,
 2 08 000,
 0 02 148,
 0 01 012,
 0 01 014,
 0 33 022,
 0 33 023,
 0 33 027,
 0 25 026,
 0 02 034,
 0 22 060,
 0 07 070,
 0 02 190,
 0 08 021,
 3 01 011,
 3 01 012,
 0 02 005,
 0 22 043,
 0 02 033,
 0 22 059,
 0 08 029,
 0 13 115,
 1 03 000,
 0 31 000,
 0 02 005,
 3 06 004,
 0 02 005,
 0 10 004,
 0 10 051,
 1 02 000,
 0 31 000,
 0 07 033,
 0 12 101,
 1 01 000,
 0 31 000,
 3 06 042,
 1 01 000,
 0 31 000,
 3 06 039
3 15 010:
 1 12 000,
 0 31 001,
 2 01 144,
 2 02 133,
 0 22 080,
 0 22 096,
 0 22 069,
 2 02 000,
 2 01 000,
 0 42 011,
 0 42 012,
 0 42 013,
 0 42 014,
 0 42 015
3 15 011:
 3 01 150,
 0 01 087,
 0 01 036,
 0 01 085,
 0 01 086,
 0 03 001,
 2 08 032,
 0 01 079,
 2 08 000,
 3 01 011,
 3 01 012,
 3 01 021,
 0 01 012,
 0 01 014,
 0 11 104,
 1 03 000,
 0 31 000,
 0 07 031,
 3 06 038,
 0 12 161,
 1 01 000,
 0 31 000,
 3 06 034,
 1 01 000,
 0 31 000,
 3 06 039,
 1 01 000,
 0 31 000,
 3 06 033,
 1 01 000,
 0 31 000,
 3 06 041,
 1 01 000,
 0 31 000,
 3 06 004,
 1 01 000,
 0 31 000,
 3 06 005,
 1 05 000,
 0 31 000,
 0 41 001,
 0 08 043,
 0 15 028,
 0 08 043,
 0 13 080,
 1 04 000,
 0 31 000,
 0 41 005,
 0 41 003,
 0 22 188,
 0 41 002,
 1 01 000,
 0 31 000,
 3 06 040,
 1 04 000,
 0 31 000,
 0 08 021,
 0 04 025,
 0 14 017,
 0 14 018
3 15 013:
 3 01 150,
 0 01 087,
 2 08 032,
 0 01 019,
 2 08 000,
 0 03 001,
 0 22 067,
 0 01 051,
 0 02 148,
 1 12 000,
 0 31 001,
 0 08 021,
 3 01 011,
 3 01 012,
 3 01 021,
 0 01 012,
 0 01 014,
 0 33 022,
 0 33 023,
 0 33 027,
 0 07 063,
 0 22 045,
 0 08 021,
 1 07 000,
 0 31 001,
 3 01 011,
 3 01 012,
 3 01 021,
 0 01 079,
 0 01 023,
 0 22 056,
 3 06 035
3 16 001:
 3 01 011,
 0 04 004,
 3 01 023,
 0 01 021,
 0 02 041,
 0 19 001,
 0 10 051,
 0 19 002,
 0 19 003,
 0 19 004
3 16 002:
 0 08 021,
 0 04 001,
 0 04 002,
 0 04 003,
 0 04 004,
 0 04 005,
 0 01 033,
 0 08 021,
 0 04 001,
 0 04 002,
 0 04 003,
 0 04 004,
 0 04 005,
 0 07 002,
 0 07 002
3 16 003:
 1 10 000,
 0 31 001,
 0 08 011,
 0 08 007,
 1 04 000,
 0 31 001,
 0 05 002,
 0 06 002,
 0 10 002,
 0 11 002,
 0 08 007,
 0 08 011
3 16 004:
 1 11 000,
 0 31 001,
 0 08 011,
 0 08 007,
 0 07 002,
 0 07 002,
 1 02 000,
 0 31 001,
 0 05 002,
 0 06 002,
 0 11 031,
 0 08 007,
 0 08 011
3 16 005:
 1 08 000,
 0 31 001,
 0 08 005,
 0 08 007,
 0 05 002,
 0 06 002,
 0 01 026,
 0 19 001,
 0 08 007,
 0 08 005
3 16 006:
 1 12 000,
 0 31 001,
 0 08 011,
 0 08 007,
 0 07 002,
 0 07 002,
 1 02 000,
 0 31 001,
 0 05 002,
 0 06 002,
 0 20 011,
 0 20 012,
 0 08 007,
 0 08 011
3 16 007:
 1 10 000,
 0 31 001,
 0 08 011,
 0 08 007,
 1 04 000,
 0 31 001,
 0 05 002,
 0 06 002,
 0 19 005,
 0 19 006,
 0 08 007,
 0 08 011
3 16 008:
 1 11 000,
 0 31 001,
 0 08 001,
 0 08 007,
 0 08 023,
 1 03 000,
 0 31 001,
 0 05 002,
 0 06 002,
 0 10 002,
 0 08 023,
 0 08 007,
 0 08 001
3 16 009:
 1 11 000,
 0 31 001,
 0 08 011,
 0 08 007,
 0 07 002,
 0 07 002,
 1 02 000,
 0 31 001,
 0 05 002,
 0 06 002,
 0 20 041,
 0 08 007,
 0 08 011
3 16 010:
 1 07 000,
 0 31 001,
 0 08 011,
 0 08 007,
 0 01 022,
 0 05 002,
 0 06 002,
 0 08 007,
 0 08 011
3 16 011:
 1 17 000,
 0 31 001,
 0 08 011,
 0 01 022,
 0 08 007,
 1 02 000,
 0 31 001,
 0 05 002,
 0 06 002,
 0 08 021,
 0 04 001,
 0 04 002,
 0 04 003,
 0 04 004,
 0 04 005,
 0 20 090,
 0 08 021,
 0 08 007,
 0 08 011
3 16 020:
 0 01 033,
 0 01 025,
 0 01 027,
 3 01 011,
 3 01 012
3 16 021:
 3 01 023,
 0 02 041,
 0 19 001,
 0 19 007,
 0 19 005,
 0 19 006,
 0 19 008,
 0 08 005,
 0 10 004,
 0 08 005,
 0 10 004,
 0 19 007,
 0 08 005,
 0 08 021,
 0 04 075,
 0 11 040,
 0 19 007,
 1 05 004,
 0 05 021,
 0 05 021,
 1 02 002,
 0 19 003,
 0 19 004
3 16 022:
 0 01 032,
 0 02 041,
 0 19 001,
 0 19 010,
 1 18 000,
 0 31 001,
 0 08 021,
 0 04 014,
 0 08 005,
 3 01 023,
 0 19 005,
 0 19 006,
 0 10 004,
 0 11 041,
 0 08 021,
 0 04 075,
 0 11 040,
 0 19 008,
 1 05 004,
 0 05 021,
 0 05 021,
 1 02 002,
 0 19 003,
 0 19 004
3 16 026:
 3 16 020,
 3 16 021
3 16 027:
 3 16 020,
 3 16 022
3 16 030:
 3 01 014,
 0 01 037,
 0 10 064,
 0 08 019,
 0 01 062,
 0 08 019,
 0 01 065,
 0 08 019,
 0 01 062,
 0 08 019
3 16 031:
 0 08 021,
 3 01 011,
 3 01 012,
 3 01 027,
 0 19 005,
 0 19 006,
 0 20 028,
 0 08 021
3 16 032:
 0 08 021,
 3 01 011,
 3 01 012,
 3 01 027,
 0 08 021
3 16 033:
 0 08 021,
 3 01 011,
 3 01 012,
 1 01 000,
 0 31 001,
 3 01 027,
 0 08 021
3 16 034:
 0 08 079,
 3 16 030,
 0 08 011,
 0 01 022,
 0 08 007,
 3 01 023,
 0 08 007,
 0 20 090,
 3 16 031,
 1 01 000,
 0 31 000,
 3 16 032,
 1 01 000,
 0 31 001,
 3 16 033,
 0 08 011,
 0 08 079
3 16 035:
 0 08 079,
 3 16 030,
 0 08 011,
 0 20 023,
 0 20 021,
 0 20 008,
 3 16 031,
 0 08 011,
 0 08 079
3 16 036:
 0 08 079,
 3 16 030,
 0 08 011,
 0 01 027,
 3 16 031,
 1 01 000,
 0 31 000,
 3 16 032,
 1 01 000,
 0 31 001,
 3 16 033,
 0 08 011,
 0 08 079
3 16 037:
 0 08 079,
 3 16 030,
 0 08 011,
 0 11 031,
 3 16 031,
 0 08 011,
 0 08 079
3 16 038:
 0 08 079,
 3 16 030,
 0 08 011,
 0 20 041,
 0 20 021,
 3 16 031,
 0 08 011,
 0 08 079
3 16 039:
 0 08 079,
 3 16 030,
 0 08 011,
 0 20 024,
 3 16 031,
 0 08 011,
 0 08 079
3 16 040:
 3 16 030,
 0 08 079,
 3 01 014,
 0 01 037,
 0 10 064,
 0 08 079
3 16 050:
 3 01 001,
 3 01 011,
 3 01 012,
 0 02 160,
 0 08 005,
 0 05 002,
 0 06 002,
 0 08 005,
 0 19 100,
 0 19 005,
 0 19 006,
 0 19 101,
 0 19 102,
 0 19 103,
 0 19 104,
 0 19 105
3 16 052:
 3 01 005,
 3 01 011,
 3 01 012,
 0 01 007,
 0 25 150,
 1 22 000,
 0 31 001,
 0 01 027,
 0 19 150,
 0 19 106,
 0 08 005,
 0 05 002,
 0 06 002,
 0 08 005,
 0 19 107,
 0 19 005,
 0 19 006,
 0 19 108,
 0 19 109,
 0 19 110,
 0 19 111,
 0 19 112,
 0 19 113,
 0 19 114,
 0 19 115,
 0 19 116,
 0 19 117,
 0 19 118,
 0 19 119
3 16 060:
 3 01 011,
 3 01 012,
 0 05 002,
 0 06 002,
 0 19 005,
 0 19 006,
 0 05 002,
 0 06 002,
 0 05 002,
 0 06 002,
 0 04 074,
 0 20 048,
 0 11 041,
 0 13 055
3 16 061:
 3 01 011,
 3 01 012,
 0 05 002,
 0 06 002,
 0 19 005,
 0 19 006,
 1 02 000,
 0 31 001,
 0 05 002,
 0 06 002,
 1 02 000,
 0 31 001,
 0 05 002,
 0 06 002,
 0 04 074,
 0 20 048,
 0 11 041,
 0 13 055
3 16 071:
 3 01 014,
 1 01 000,
 0 31 002,
 3 16 075,
 1 01 000,
 0 31 002,
 3 16 076
3 16 072:
 3 01 014,
 1 01 000,
 0 31 002,
 3 16 077,
 1 01 000,
 0 31 002,
 3 16 078,
 1 01 000,
 0 31 002,
 3 16 079
3 16 073:
 3 01 014,
 1 01 000,
 0 31 002,
 3 16 080,
 1 01 000,
 0 31 002,
 3 16 081
3 16 074:
 0 01 039,
 0 08 021,
 3 01 014,
 3 01 027,
 0 08 021
3 16 075:
 0 08 079,
 0 08 041,
 3 16 074,
 0 20 006,
 0 33 042,
 0 20 013,
 0 33 042,
 0 20 001,
 0 20 025,
 0 20 026,
 0 08 041,
 0 08 079
3 16 076:
 0 08 079,
 0 08 041,
 3 16 074,
 0 20 006,
 0 20 025,
 0 20 026,
 0 08 041,
 0 08 079
3 16 077:
 0 08 079,
 0 08 011,
 3 16 074,
 0 11 031,
 0 08 011,
 0 08 079
3 16 078:
 0 08 079,
 0 08 041,
 3 16 074,
 0 33 042,
 0 11 012,
 0 08 041,
 0 08 079
3 16 079:
 0 08 079,
 0 08 011,
 3 16 074,
 0 20 023,
 0 20 024,
 0 08 011,
 0 08 079
3 16 080:
 0 08 079,
 0 08 011,
 3 16 074,
 0 20 041,
 0 08 011,
 0 08 079
3 16 081:
 0 08 079,
 0 08 041,
 3 16 074,
 0 08 041,
 0 08 079
3 16 082:
 0 01 033,
 0 01 034,
 0 01 032,
 0 01 025,
 0 01 027,
 0 01 090,
 0 01 091,
 0 01 092,
 3 01 011,
 3 01 012,
 0 08 005,
 3 01 023,
 0 08 005,
 3 01 023,
 0 10 051,
 0 08 005,
 3 01 023,
 0 11 012,
 1 07 003,
 0 19 003,
 1 05 004,
 0 05 021,
 0 05 021,
 2 01 131,
 0 19 004,
 2 01 000,
 1 16 000,
 0 31 001,
 0 08 021,
 0 04 024,
 0 08 005,
 3 01 023,
 0 10 051,
 0 08 005,
 3 01 023,
 0 11 012,
 1 07 003,
 0 19 003,
 1 05 004,
 0 05 021,
 0 05 021,
 2 01 131,
 0 19 004,
 2 01 000
3 18 001:
 3 01 025,
 0 24 011
3 18 003:
 3 01 026,
 0 24 005,
 0 24 004,
 0 24 021
3 18 004:
 3 01 025,
 0 04 023,
 0 13 011,
 0 24 005,
 0 24 004,
 0 24 022
3 21 001:
 0 02 101,
 0 02 114,
 0 02 105,
 0 02 106,
 0 02 107,
 0 02 121
3 21 003:
 0 21 051,
 0 21 014,
 0 21 017,
 0 21 030
3 21 004:
 3 01 031,
 0 02 003,
 1 01 000,
 0 31 001,
 3 21 003
3 21 005:
 0 25 004,
 0 02 121,
 0 02 122,
 0 02 123,
 0 02 124,
 0 02 125,
 0 02 126,
 0 02 127,
 0 02 128,
 0 02 129,
 0 02 130,
 0 02 131
3 21 006:
 0 25 001,
 0 25 002,
 0 25 003,
 0 25 005
3 21 007:
 0 25 009,
 0 25 010,
 0 25 011,
 0 25 012,
 0 25 013,
 0 25 015,
 0 25 016,
 0 25 017
3 21 008:
 0 25 006,
 0 25 007,
 0 25 008
3 21 009:
 0 25 018,
 0 25 019
3 21 010:
 0 02 101,
 0 07 002,
 0 02 102,
 0 02 103,
 0 02 104,
 0 02 105,
 0 02 106,
 0 02 107,
 0 02 108,
 0 02 109,
 0 02 110,
 0 02 132,
 0 02 133
3 21 011:
 0 30 031,
 0 30 032,
 0 29 002
3 21 012:
 1 01 000,
 0 31 001,
 0 02 135
3 21 021:
 0 02 003,
 0 02 101,
 2 01 130,
 0 02 106,
 2 01 000,
 2 01 132,
 2 02 130,
 0 02 121,
 2 02 000,
 2 01 000,
 2 01 133,
 2 02 129,
 0 25 001,
 2 02 000,
 2 01 000
3 21 022:
 0 07 007,
 2 04 001,
 0 31 021,
 0 11 001,
 2 04 000,
 0 11 002,
 2 04 001,
 0 31 021,
 0 11 006,
 2 04 000,
 0 21 030
3 21 023:
 0 07 007,
 0 21 091,
 0 21 030,
 2 02 129,
 0 21 014,
 2 01 129,
 0 21 017,
 2 02 000,
 2 01 000
3 21 024:
 0 07 007,
 2 04 001,
 0 31 021,
 0 12 007,
 0 11 006,
 2 04 000,
 0 21 030
3 21 025:
 0 07 007,
 0 21 091,
 0 21 030,
 2 02 129,
 0 21 014,
 2 01 129,
 0 21 017,
 2 02 000,
 2 01 000,
 0 21 092,
 0 21 030,
 0 25 092,
 2 01 129,
 2 02 129,
 0 21 017,
 2 02 000,
 2 01 000
3 21 026:
 0 07 007,
 2 04 001,
 0 31 021,
 0 12 007,
 0 25 091,
 0 11 071,
 0 11 072,
 0 11 073,
 0 11 074,
 2 04 000
3 21 027:
 0 21 118,
 2 02 129,
 2 01 132,
 0 02 112,
 2 01 000,
 2 01 131,
 0 02 111,
 2 01 000,
 2 02 000,
 0 02 104,
 0 21 105,
 0 21 106,
 0 21 107,
 0 21 114,
 0 21 115,
 0 21 116,
 0 08 018,
 0 21 117
3 21 028:
 0 21 118,
 2 02 129,
 2 01 132,
 0 02 112,
 2 01 000,
 2 01 131,
 0 02 111,
 2 01 000,
 2 02 000,
 0 02 104,
 0 21 123,
 0 21 106,
 0 21 107,
 0 21 114,
 0 21 115,
 0 21 116,
 0 08 018,
 0 21 117
3 21 030:
 0 08 085,
 2 02 129,
 2 01 131,
 0 02 111,
 2 01 000,
 2 02 000,
 0 02 134,
 0 21 062,
 0 21 063,
 0 21 158,
 0 21 159,
 0 21 160,
 0 21 161,
 0 21 162,
 0 21 163,
 0 21 164,
 0 21 165,
 0 21 166
3 22 028:
 0 01 007,
 0 02 019,
 0 04 001,
 0 04 002,
 0 04 003,
 0 04 004,
 0 04 005,
 0 04 006,
 0 05 001,
 0 06 001,
 0 27 001,
 0 28 001,
 0 27 001,
 0 28 001,
 0 27 001,
 0 28 001,
 0 27 001,
 0 28 001,
 0 10 001,
 0 14 019,
 0 07 025,
 0 10 080,
 0 05 023,
 0 20 010,
 0 08 003,
 0 07 004,
 0 14 026,
 0 20 014,
 0 13 093,
 1 05 000,
 0 31 001,
 0 07 004,
 0 07 004,
 0 08 043,
 0 08 044,
 0 15 021
3 40 001:
 0 01 007,
 0 01 031,
 0 02 019,
 0 02 020,
 0 04 001,
 0 04 002,
 0 04 003,
 0 04 004,
 0 04 005,
 2 02 131,
 2 01 138,
 0 04 006,
 2 01 000,
 2 02 000,
 0 05 001,
 0 06 001,
 0 07 024,
 0 05 021,
 0 07 025,
 0 05 022,
 0 05 043,
 0 05 040,
 2 01 133,
 0 05 041,
 2 01 000,
 2 01 132,
 0 25 070,
 2 01 000,
 2 02 126,
 0 07 001,
 2 02 000,
 0 33 060,
 0 33 061,
 0 33 062,
 0 33 063,
 0 33 064,
 0 33 065,
 1 01 010,
 3 40 002,
 1 01 087,
 3 40 003,
 0 02 019,
 0 25 051,
 1 01 007,
 3 40 004
3 40 002:
 0 25 140,
 0 25 141,
 0 25 142
3 40 003:
 1 04 100,
 2 01 136,
 0 05 042,
 2 01 000,
 0 14 046
3 40 004:
 0 05 060,
 0 05 061,
 0 25 085,
 1 05 006,
 0 05 042,
 0 25 142,
 0 14 047,
 0 25 142,
 0 14 048
3 40 005:
 0 01 007,
 0 02 019,
 0 01 096,
 0 25 061,
 0 05 044,
 0 05 040,
 0 01 030,
 0 04 001,
 0 04 002,
 0 04 003,
 0 04 004,
 0 04 005,
 0 04 007,
 0 05 001,
 0 06 001,
 0 08 029,
 0 08 074,
 0 08 077,
 0 40 011,
 0 25 097,
 0 25 095,
 0 25 098,
 0 25 099,
 0 21 144,
 0 25 096,
 0 40 012,
 0 40 013,
 0 21 169,
 0 22 151,
 0 22 162,
 0 22 163,
 0 25 160,
 0 25 133,
 0 22 156,
 0 22 164,
 0 22 165,
 0 22 166,
 0 21 137,
 0 21 138,
 0 22 167,
 0 21 139,
 0 21 118,
 0 21 145,
 0 21 146,
 0 21 147,
 0 22 168,
 0 22 169,
 0 22 170,
 0 25 161,
 0 25 162,
 0 22 171,
 0 22 172,
 0 22 173,
 0 22 174,
 0 21 170,
 0 21 171,
 0 22 175,
 0 21 172,
 0 21 118,
 0 21 173,
 0 21 174,
 0 21 175,
 0 02 153,
 0 12 063,
 0 02 153,
 0 12 063,
 0 02 153,
 0 12 063,
 0 13 090,
 0 13 091,
 0 07 002,
 0 11 097,
 0 11 098,
 0 07 002,
 0 11 095,
 0 11 096,
 0 10 096,
 0 10 081,
 0 10 082,
 0 10 083,
 0 10 101,
 0 25 132,
 0 25 163,
 0 25 126,
 0 25 128,
 0 25 164,
 0 10 085,
 0 10 097,
 0 10 086,
 0 10 087,
 0 10 092,
 0 10 088,
 0 10 089,
 0 10 098,
 0 10 099,
 0 10 090,
 0 10 100,
 0 10 093,
 0 25 127,
 0 40 014
3 40 007:
 0 01 007,
 0 01 031,
 0 02 019,
 0 02 020,
 0 04 001,
 0 04 002,
 0 04 003,
 0 04 004,
 0 04 005,
 2 02 131,
 2 01 138,
 0 04 006,
 2 01 000,
 2 02 000,
 0 05 001,
 0 06 001,
 0 07 024,
 0 05 021,
 0 07 025,
 0 05 022,
 0 05 043,
 0 05 040,
 2 01 133,
 0 05 041,
 2 01 000,
 2 01 132,
 0 25 070,
 2 01 000,
 2 02 126,
 0 07 001,
 2 02 000,
 1 03 003,
 0 25 140,
 0 25 141,
 0 33 060,
 0 33 061,
 0 33 062,
 0 33 063,
 0 33 064,
 0 33 065,
 0 40 020,
 1 01 010,
 3 40 002,
 1 01 087,
 3 40 003,
 0 02 019,
 0 25 051,
 1 01 007,
 3 40 004,
 0 20 081,
 0 08 029,
 0 20 083,
 0 08 029,
 0 40 018,
 0 40 019,
 0 40 021,
 0 40 022
3 40 008:
 0 01 007,
 0 01 031,
 0 02 019,
 0 02 020,
 0 04 001,
 0 04 002,
 0 04 003,
 0 04 004,
 0 04 005,
 2 02 131,
 2 01 138,
 0 04 006,
 2 01 000,
 2 02 000,
 0 05 001,
 0 06 001,
 0 07 024,
 0 05 021,
 0 07 025,
 0 05 022,
 0 05 043,
 0 05 040,
 2 01 133,
 0 05 041,
 2 01 000,
 2 01 132,
 0 25 070,
 2 01 000,
 2 02 126,
 0 07 001,
 2 02 000,
 1 03 003,
 0 25 140,
 0 25 141,
 0 33 060,
 0 33 061,
 0 33 062,
 0 33 063,
 0 33 064,
 0 33 065,
 0 40 020,
 1 01 010,
 3 40 002,
 1 04 000,
 0 31 002,
 2 01 136,
 0 05 042,
 2 01 000,
 0 14 046,
 1 08 003,
 0 25 140,
 0 25 141,
 0 40 026,
 0 40 016,
 0 25 062,
 1 01 000,
 0 31 002,
 0 40 017,
 0 02 019,
 0 25 051,
 1 01 007,
 3 40 004,
 0 20 081,
 0 08 029,
 0 20 083,
 0 08 029,
 0 40 018,
 0 40 019,
 0 40 021,
 0 40 022
3 40 009:
 0 01 007,
 0 01 031,
 0 02 019,
 0 02 020,
 3 01 011,
 3 01 013,
 0 05 040,
 2 01 136,
 0 05 041,
 2 01 000,
 0 25 071,
 0 05 001,
 0 05 001,
 0 06 001,
 0 06 001,
 1 07 064,
 1 06 032,
 0 08 012,
 0 08 013,
 0 08 065,
 0 08 072,
 0 13 039,
 0 40 015
3 40 010:
 0 01 007,
 0 02 019,
 0 01 096,
 0 25 061,
 0 05 044,
 0 05 040,
 0 01 030,
 0 04 001,
 0 04 002,
 0 04 003,
 0 04 004,
 0 04 005,
 0 04 007,
 0 05 001,
 0 06 001,
 0 08 029,
 0 08 074,
 0 08 077,
 0 40 011,
 0 25 097,
 0 25 095,
 0 25 098,
 0 25 099,
 0 21 144,
 0 25 096,
 0 40 012,
 0 40 013,
 0 21 169,
 0 40 023,
 0 40 024,
 0 40 025,
 0 22 151,
 0 22 162,
 0 22 163,
 0 25 160,
 0 25 133,
 0 22 156,
 0 22 164,
 0 22 165,
 0 22 166,
 0 21 137,
 0 21 138,
 0 22 167,
 0 21 139,
 0 21 118,
 0 21 145,
 0 21 146,
 0 21 147,
 0 22 168,
 0 22 169,
 0 22 170,
 0 25 161,
 0 25 162,
 0 22 171,
 0 22 172,
 0 22 173,
 0 22 174,
 0 21 170,
 0 21 171,
 0 22 175,
 0 21 172,
 0 21 118,
 0 21 173,
 0 21 174,
 0 21 175,
 0 02 153,
 0 12 063,
 0 02 153,
 0 12 063,
 0 02 153,
 0 12 063,
 0 13 090,
 0 13 091,
 0 07 002,
 0 11 097,
 0 11 098,
 0 07 002,
 0 11 095,
 0 11 096,
 0 10 096,
 0 10 081,
 0 10 082,
 0 10 083,
 0 10 101,
 0 25 132,
 0 25 163,
 0 25 126,
 0 25 128,
 0 25 164,
 0 10 085,
 0 10 097,
 0 10 086,
 0 10 087,
 0 10 092,
 0 10 088,
 0 10 089,
 0 10 098,
 0 10 099,
 0 10 090,
 0 10 100,
 0 10 093,
 0 25 127,
 0 40 014,
 0 10 102
3 40 011:
 0 01 007,
 0 02 019,
 0 01 096,
 0 25 061,
 0 05 044,
 0 05 040,
 0 01 030,
 0 04 001,
 0 04 002,
 0 04 003,
 0 04 004,
 0 04 005,
 0 04 007,
 0 05 001,
 0 06 001,
 0 08 029,
 0 08 077,
 0 40 011,
 0 25 097,
 0 25 112,
 0 25 113,
 0 21 148,
 0 21 169,
 0 40 024,
 0 40 025,
 0 02 153,
 0 22 189,
 0 22 191,
 0 22 130,
 0 25 167,
 0 25 166,
 0 22 190,
 0 22 131,
 0 22 132,
 0 22 133,
 0 21 183,
 0 21 184,
 0 22 134,
 0 21 185,
 0 21 118,
 0 21 186,
 0 21 187,
 0 21 188,
 0 02 153,
 0 12 063,
 0 02 153,
 0 12 063,
 0 13 090,
 0 13 160,
 0 07 002,
 0 11 097,
 0 07 002,
 0 11 095,
 0 11 096,
 0 10 096,
 0 10 081,
 0 10 082,
 0 10 083,
 0 10 101,
 0 02 153,
 0 25 165,
 0 25 126,
 0 25 128,
 0 25 164,
 0 10 085,
 0 10 086,
 0 10 087,
 0 10 092,
 0 10 088,
 0 10 089,
 0 10 098,
 0 10 099,
 0 10 090,
 0 10 100,
 0 10 093,
 0 25 127,
 0 40 014,
 0 10 102
3 40 012:
 0 01 007,
 0 02 019,
 0 08 091,
 0 05 001,
 0 06 001,
 0 07 002,
 0 05 063,
 0 05 064,
 0 05 066,
 0 05 041,
 0 05 067,
 3 01 011,
 3 01 012,
 0 04 007,
 0 08 091,
 0 05 001,
 0 06 001,
 1 07 000,
 0 31 001,
 0 05 042,
 0 02 153,
 0 02 104,
 0 40 028,
 0 07 024,
 0 40 027,
 0 12 063
3 40 013:
 0 01 007,
 0 02 019,
 0 01 033,
 0 01 034,
 0 04 001,
 0 04 002,
 0 04 003,
 0 04 004,
 0 04 005,
 0 04 007,
 0 05 068,
 0 05 070,
 0 05 069,
 0 40 036,
 0 08 091,
 0 05 001,
 0 06 001,
 0 04 016,
 0 08 091,
 0 05 001,
 0 06 001,
 0 04 016,
 0 08 091,
 0 05 001,
 0 06 001,
 0 04 016,
 0 08 091,
 0 07 071,
 0 05 021,
 0 07 021,
 0 40 035,
 0 08 091,
 0 07 071,
 0 05 021,
 0 07 021,
 0 40 035,
 0 08 091,
 0 07 071,
 0 05 021,
 0 07 021,
 0 40 035,
 0 40 029,
 0 40 030,
 0 40 031,
 0 25 187,
 0 10 004,
 0 12 001,
 0 40 037,
 0 40 032,
 0 40 033,
 0 40 034
3 40 015:
 0 01 007,
 0 02 019,
 3 01 011,
 3 01 012,
 0 04 007,
 2 01 133,
 0 05 041,
 2 01 000,
 2 01 130,
 0 05 043,
 2 01 000,
 2 07 001,
 0 05 002,
 0 06 002,
 2 07 000,
 0 40 027,
 0 13 040,
 0 21 120,
 2 07 003,
 1 02 003,
 0 02 186,
 0 13 155,
 2 07 000,
 0 33 003
3 40 016:
 3 01 129,
 3 01 130,
 3 01 131,
 2 02 134,
 0 07 001,
 2 02 000,
 1 01 000,
 0 31 002,
 3 40 002,
 1 01 000,
 0 31 002,
 3 04 039,
 1 01 000,
 0 31 002,
 3 04 040
3 40 017:
 0 01 007,
 0 02 019,
 0 05 044,
 0 01 096,
 0 05 040,
 0 01 040,
 0 25 061,
 0 25 182,
 0 25 183,
 0 25 181,
 0 25 184,
 3 01 011,
 3 01 013,
 0 04 007,
 3 01 021,
 0 05 063,
 0 05 064,
 0 05 066,
 0 10 081,
 0 10 082,
 0 08 075,
 0 25 090,
 0 08 029,
 2 01 137,
 2 02 129,
 0 06 021,
 2 02 000,
 2 01 000,
 0 10 087,
 0 25 096,
 0 40 012,
 0 08 077,
 1 04 002,
 0 02 153,
 0 12 063,
 0 12 065,
 0 40 013,
 0 07 002,
 0 11 098,
 0 13 090,
 0 13 091,
 0 25 164,
 0 25 095,
 0 40 023,
 0 25 113,
 0 08 074,
 0 25 190,
 0 21 144,
 0 25 191,
 0 21 143,
 0 13 055,
 0 21 169,
 0 10 101,
 0 15 012,
 0 07 002,
 0 11 097,
 0 40 024,
 0 07 002,
 0 25 126,
 0 25 128,
 0 40 011,
 0 07 002,
 0 11 095,
 0 11 096,
 0 10 088,
 0 10 089,
 0 10 090,
 0 10 092,
 0 10 093,
 0 10 098,
 0 10 099,
 0 10 100,
 0 25 127,
 0 40 014,
 0 10 085,
 0 10 086,
 0 10 096,
 0 10 103,
 0 10 102,
 0 22 080,
 0 08 076,
 0 22 189,
 0 22 191,
 0 22 130,
 0 25 165,
 0 25 166,
 0 25 167,
 0 21 183,
 0 21 184,
 0 22 134,
 0 21 122,
 0 22 190,
 0 22 131,
 0 22 132,
 0 22 133,
 0 21 186,
 0 21 187,
 0 21 188,
 0 21 185,
 0 25 112,
 0 25 113,
 0 33 092,
 0 08 076,
 0 22 189,
 0 22 191,
 0 22 130,
 0 25 165,
 0 25 166,
 0 25 167,
 0 21 183,
 0 21 184,
 0 22 134,
 0 21 122,
 0 22 190,
 0 22 131,
 0 22 132,
 0 22 133,
 0 21 186,
 0 21 187,
 0 21 188,
 0 21 185,
 0 25 112,
 0 25 113,
 0 33 092,
 0 25 190,
 0 11 097,
 0 13 090,
 0 13 091,
 0 21 143,
 0 21 184,
 0 25 128,
 0 25 163,
 0 25 164,
 0 10 102,
 0 22 189,
 0 22 191,
 0 22 130,
 0 25 166,
 0 21 183,
 0 21 184,
 0 22 134,
 0 22 190,
 0 22 131,
 0 22 132,
 0 25 112,
 0 25 113,
 0 33 092,
 0 08 049,
 0 22 080,
 1 34 021,
 3 01 011,
 3 01 013,
 0 04 007,
 3 01 021,
 0 10 081,
 0 10 082,
 0 08 029,
 2 01 137,
 2 02 129,
 0 06 021,
 2 02 000,
 2 01 000,
 0 25 191,
 0 21 071,
 0 10 085,
 0 40 011,
 0 10 102,
 0 22 189,
 0 22 146,
 0 25 165,
 0 25 167,
 0 21 183,
 0 22 190,
 0 22 133,
 0 21 177,
 0 21 185,
 0 13 164,
 2 02 126,
 0 22 046,
 2 02 000,
 0 13 117,
 0 13 013,
 0 25 112,
 0 33 092
3 40 018:
 3 01 129,
 3 01 130,
 3 01 131,
 0 07 072,
 0 40 074,
 1 04 000,
 0 31 002,
 2 01 136,
 0 05 042,
 2 01 000,
 0 14 044
3 40 019:
 3 40 020,
 3 40 021,
 3 40 022,
 3 40 023
3 40 020:
 0 01 007,
 0 02 019,
 0 05 044,
 0 01 096,
 0 05 040,
 0 01 040,
 0 25 061,
 0 25 182,
 0 25 183,
 0 25 181,
 0 25 184,
 0 08 075,
 0 25 090,
 3 01 011,
 3 01 013,
 0 04 007,
 3 01 021,
 0 05 063,
 0 05 064,
 0 05 066,
 0 10 081,
 0 10 082
3 40 021:
 0 40 012,
 0 08 077,
 1 04 000,
 0 31 001,
 0 02 153,
 0 12 063,
 0 12 065,
 0 40 013,
 0 07 002,
 0 11 098
3 40 022:
 0 08 029,
 2 01 137,
 2 02 129,
 0 06 021,
 2 02 000,
 2 01 000,
 0 10 087,
 0 40 024,
 0 07 002,
 0 25 126,
 0 25 128,
 0 40 011,
 0 07 002,
 0 11 095,
 0 11 096,
 0 10 088,
 0 10 089,
 0 10 090,
 0 10 092,
 0 10 093,
 0 10 098,
 0 10 099,
 0 10 100,
 0 25 127,
 0 40 014,
 0 01 030,
 0 10 085,
 0 01 030,
 0 10 085,
 0 10 086,
 0 10 096,
 0 10 103,
 0 21 169,
 0 13 055,
 0 25 165
3 40 023:
 0 25 095,
 0 40 023,
 0 08 074,
 3 40 024,
 3 40 024,
 3 40 024,
 3 40 025
3 40 024:
 0 22 080,
 0 08 076,
 0 25 190,
 0 10 102,
 0 22 189,
 0 22 191,
 0 22 130,
 0 25 167,
 0 25 163,
 0 15 012,
 0 25 164,
 0 13 090,
 0 13 091,
 0 25 166,
 0 07 002,
 0 11 097,
 0 21 183,
 0 21 184,
 0 22 134,
 0 21 122,
 0 21 186,
 0 21 187,
 0 21 188,
 2 01 131,
 0 21 185,
 2 01 000,
 0 22 179,
 0 22 131,
 0 22 132,
 0 22 133,
 0 21 144,
 0 25 191,
 0 21 143,
 0 10 101,
 0 25 112,
 0 25 113,
 0 33 092
3 40 025:
 0 08 049,
 0 22 080,
 0 08 076,
 0 25 190,
 1 46 021,
 3 01 011,
 3 01 013,
 0 04 007,
 3 01 021,
 0 10 081,
 0 10 082,
 0 08 029,
 2 01 137,
 2 02 129,
 0 06 021,
 2 02 000,
 2 01 000,
 0 25 191,
 0 21 071,
 0 01 030,
 0 10 085,
 0 01 030,
 0 10 085,
 0 40 011,
 0 10 088,
 0 10 089,
 0 25 164,
 0 07 002,
 0 25 126,
 0 25 128,
 0 10 102,
 0 22 189,
 0 25 167,
 0 25 163,
 0 21 183,
 2 01 131,
 0 21 185,
 2 01 000,
 0 22 179,
 0 22 133,
 0 22 146,
 0 21 189,
 0 13 163,
 2 02 126,
 0 22 046,
 2 02 000,
 0 13 117,
 0 13 013,
 0 25 112,
 0 25 113,
 0 33 092
